[2, 0, 0, 0, 15, 81, 48, 0, 192, 27, 16, 0, 15, 0, 241, 255, 21, 0, 9, 0]
[3, 0, 0, 0, 239, 255, 20, 0, 13, 0, 237, 255, 18, 0, 14, 0, 238, 255, 17, 0]
[4, 0, 0, 0, 13, 0, 239, 255, 17, 0, 12, 0, 239, 255, 21, 0, 15, 0, 240, 255]
[5, 0, 0, 0, 17, 0, 16, 0, 240, 255, 18, 0, 12, 0, 241, 255, 16, 0, 14, 0]
[6, 0, 0, 0, 239, 255, 15, 0, 9, 0, 242, 255, 18, 0, 12, 0, 239, 255, 17, 0]
[7, 0, 0, 0, 13, 0, 240, 255, 17, 0, 10, 0, 245, 255, 17, 0, 8, 0, 240, 255]
[8, 0, 0, 0, 17, 0, 14, 0, 240, 255, 22, 0, 13, 0, 244, 255, 19, 0, 15, 0]
[9, 0, 0, 0, 239, 255, 19, 0, 10, 0, 243, 255, 18, 0, 13, 0, 244, 255, 15, 0]
[10, 0, 0, 0, 14, 0, 240, 255, 21, 0, 10, 0, 238, 255, 18, 0, 14, 0, 236, 255]
[11, 0, 0, 0, 19, 0, 12, 0, 245, 255, 19, 0, 12, 0, 237, 255, 15, 0, 15, 0]
[12, 0, 0, 0, 244, 255, 16, 0, 11, 0, 238, 255, 16, 0, 13, 0, 238, 255, 19, 0]
[13, 0, 0, 0, 9, 0, 244, 255, 21, 0, 15, 0, 242, 255, 16, 0, 15, 0, 241, 255]
[14, 0, 0, 0, 17, 0, 10, 0, 241, 255, 14, 0, 17, 0, 239, 255, 18, 0, 12, 0]
[15, 0, 0, 0, 245, 255, 19, 0, 12, 0, 241, 255, 16, 0, 12, 0, 243, 255, 17, 0]
[16, 0, 0, 0, 13, 0, 242, 255, 14, 0, 9, 0, 241, 255, 19, 0, 10, 0, 244, 255]
[17, 0, 0, 0, 15, 0, 17, 0, 239, 255, 12, 0, 14, 0, 243, 255, 19, 0, 11, 0]
[18, 0, 0, 0, 244, 255, 17, 0, 9, 0, 244, 255, 20, 0, 8, 0, 243, 255, 19, 0]
[19, 0, 0, 0, 13, 0, 242, 255, 14, 0, 12, 0, 241, 255, 18, 0, 10, 0, 242, 255]
[20, 0, 0, 0, 16, 0, 14, 0, 242, 255, 17, 0, 10, 0, 242, 255, 13, 0, 9, 0]
[21, 0, 0, 0, 241, 255, 16, 0, 10, 0, 240, 255, 17, 0, 8, 0, 243, 255, 18, 0]
[22, 0, 0, 0, 11, 0, 241, 255, 15, 0, 10, 0, 240, 255, 16, 0, 11, 0, 239, 255]
[23, 0, 0, 0, 13, 0, 10, 0, 245, 255, 17, 0, 9, 0, 243, 255, 16, 0, 12, 0]
[24, 0, 0, 0, 239, 255, 17, 0, 11, 0, 243, 255, 14, 0, 10, 0, 242, 255, 15, 0]
[25, 0, 0, 0, 11, 0, 245, 255, 18, 0, 10, 0, 240, 255, 17, 0, 12, 0, 244, 255]
[26, 0, 0, 0, 14, 0, 7, 0, 244, 255, 14, 0, 10, 0, 243, 255, 13, 0, 11, 0]
[27, 0, 0, 0, 244, 255, 11, 0, 12, 0, 245, 255, 12, 0, 12, 0, 242, 255, 16, 0]
[28, 0, 0, 0, 9, 0, 247, 255, 19, 0, 12, 0, 245, 255, 12, 0, 11, 0, 248, 255]
[29, 0, 0, 0, 18, 0, 10, 0, 242, 255, 14, 0, 11, 0, 242, 255, 15, 0, 10, 0]
[30, 0, 0, 0, 243, 255, 19, 0, 8, 0, 244, 255, 11, 0, 10, 0, 243, 255, 17, 0]
[31, 0, 0, 0, 8, 0, 246, 255, 9, 0, 12, 0, 246, 255, 15, 0, 9, 0, 245, 255]
[32, 0, 0, 0, 18, 0, 9, 0, 242, 255, 13, 0, 13, 0, 245, 255, 17, 0, 4, 0]
[33, 0, 0, 0, 245, 255, 14, 0, 11, 0, 245, 255, 14, 0, 12, 0, 244, 255, 10, 0]
[34, 0, 0, 0, 10, 0, 244, 255, 11, 0, 9, 0, 246, 255, 17, 0, 12, 0, 248, 255]
[35, 0, 0, 0, 15, 0, 12, 0, 243, 255, 15, 0, 9, 0, 248, 255, 15, 0, 10, 0]
[36, 0, 0, 0, 242, 255, 14, 0, 10, 0, 243, 255, 14, 0, 8, 0, 244, 255, 11, 0]
[37, 0, 0, 0, 11, 0, 244, 255, 13, 0, 9, 0, 245, 255, 15, 0, 10, 0, 240, 255]
[38, 0, 0, 0, 16, 0, 12, 0, 245, 255, 12, 0, 10, 0, 245, 255, 12, 0, 11, 0]
[39, 0, 0, 0, 249, 255, 12, 0, 8, 0, 248, 255, 15, 0, 8, 0, 243, 255, 10, 0]
[40, 0, 0, 0, 10, 0, 246, 255, 14, 0, 7, 0, 243, 255, 11, 0, 12, 0, 245, 255]
[41, 0, 0, 0, 14, 0, 5, 0, 246, 255, 17, 0, 11, 0, 242, 255, 14, 0, 6, 0]
[42, 0, 0, 0, 245, 255, 17, 0, 6, 0, 248, 255, 12, 0, 13, 0, 244, 255, 12, 0]
[43, 0, 0, 0, 5, 0, 245, 255, 14, 0, 7, 0, 243, 255, 8, 0, 10, 0, 247, 255]
[44, 0, 0, 0, 12, 0, 7, 0, 245, 255, 10, 0, 8, 0, 241, 255, 14, 0, 6, 0]
[45, 0, 0, 0, 248, 255, 18, 0, 8, 0, 246, 255, 14, 0, 11, 0, 246, 255, 14, 0]
[46, 0, 0, 0, 7, 0, 245, 255, 14, 0, 9, 0, 243, 255, 12, 0, 7, 0, 247, 255]
[47, 0, 0, 0, 13, 0, 5, 0, 243, 255, 15, 0, 9, 0, 245, 255, 16, 0, 8, 0]
[48, 0, 0, 0, 244, 255, 14, 0, 13, 0, 248, 255, 11, 0, 7, 0, 245, 255, 14, 0]
[49, 0, 0, 0, 5, 0, 245, 255, 12, 0, 9, 0, 248, 255, 13, 0, 7, 0, 247, 255]
[50, 0, 0, 0, 11, 0, 8, 0, 247, 255, 15, 0, 8, 0, 248, 255, 11, 0, 11, 0]
[51, 0, 0, 0, 244, 255, 11, 0, 6, 0, 244, 255, 13, 0, 9, 0, 248, 255, 12, 0]
[52, 0, 0, 0, 8, 0, 245, 255, 14, 0, 4, 0, 248, 255, 9, 0, 9, 0, 247, 255]
[53, 0, 0, 0, 10, 0, 7, 0, 242, 255, 13, 0, 8, 0, 246, 255, 10, 0, 9, 0]
[54, 0, 0, 0, 246, 255, 11, 0, 7, 0, 244, 255, 13, 0, 7, 0, 245, 255, 10, 0]
[55, 0, 0, 0, 8, 0, 247, 255, 10, 0, 5, 0, 247, 255, 12, 0, 14, 0, 243, 255]
[56, 0, 0, 0, 15, 0, 5, 0, 247, 255, 14, 0, 8, 0, 244, 255, 13, 0, 7, 0]
[57, 0, 0, 0, 245, 255, 10, 0, 6, 0, 250, 255, 8, 0, 9, 0, 245, 255, 97, 71]
[58, 0, 0, 0, 0, 192, 27, 11, 0, 5, 0, 246, 255, 14, 0, 6, 0, 246, 255, 11]
[59, 0, 0, 0, 0, 7, 0, 243, 255, 10, 0, 4, 0, 247, 255, 11, 0, 10, 0, 244]
[60, 0, 0, 0, 255, 8, 0, 8, 0, 248, 255, 8, 0, 8, 0, 248, 255, 6, 0, 7]
[61, 0, 0, 0, 0, 251, 255, 8, 0, 4, 0, 245, 255, 9, 0, 11, 0, 245, 255, 5]
[62, 0, 0, 0, 0, 5, 0, 249, 255, 9, 0, 5, 0, 247, 255, 8, 0, 7, 0, 246]
[63, 0, 0, 0, 255, 11, 0, 5, 0, 248, 255, 9, 0, 6, 0, 245, 255, 7, 0, 4]
[64, 0, 0, 0, 0, 246, 255, 11, 0, 8, 0, 248, 255, 11, 0, 10, 0, 248, 255, 13]
[65, 0, 0, 0, 0, 5, 0, 247, 255, 7, 0, 8, 0, 250, 255, 11, 0, 3, 0, 249]
[66, 0, 0, 0, 255, 9, 0, 6, 0, 248, 255, 10, 0, 6, 0, 245, 255, 12, 0, 6]
[67, 0, 0, 0, 0, 244, 255, 6, 0, 10, 0, 247, 255, 12, 0, 3, 0, 250, 255, 10]
[68, 0, 0, 0, 0, 6, 0, 247, 255, 4, 0, 4, 0, 246, 255, 14, 0, 8, 0, 246]
[69, 0, 0, 0, 255, 11, 0, 4, 0, 245, 255, 12, 0, 9, 0, 250, 255, 6, 0, 5]
[70, 0, 0, 0, 0, 245, 255, 11, 0, 6, 0, 246, 255, 11, 0, 7, 0, 249, 255, 8]
[71, 0, 0, 0, 0, 10, 0, 245, 255, 7, 0, 8, 0, 248, 255, 10, 0, 8, 0, 246]
[72, 0, 0, 0, 255, 9, 0, 6, 0, 250, 255, 13, 0, 8, 0, 250, 255, 6, 0, 10]
[73, 0, 0, 0, 0, 247, 255, 7, 0, 7, 0, 252, 255, 11, 0, 3, 0, 248, 255, 4]
[74, 0, 0, 0, 0, 9, 0, 246, 255, 13, 0, 8, 0, 246, 255, 9, 0, 9, 0, 247]
[75, 0, 0, 0, 255, 8, 0, 5, 0, 250, 255, 10, 0, 7, 0, 249, 255, 8, 0, 5]
[76, 0, 0, 0, 0, 250, 255, 12, 0, 5, 0, 251, 255, 8, 0, 7, 0, 247, 255, 9]
[77, 0, 0, 0, 0, 5, 0, 248, 255, 8, 0, 8, 0, 250, 255, 7, 0, 9, 0, 249]
[78, 0, 0, 0, 255, 10, 0, 5, 0, 246, 255, 11, 0, 7, 0, 248, 255, 10, 0, 4]
[79, 0, 0, 0, 0, 251, 255, 11, 0, 4, 0, 249, 255, 6, 0, 6, 0, 249, 255, 10]
[80, 0, 0, 0, 0, 3, 0, 250, 255, 6, 0, 8, 0, 248, 255, 8, 0, 7, 0, 249]
[81, 0, 0, 0, 255, 11, 0, 7, 0, 245, 255, 9, 0, 7, 0, 247, 255, 10, 0, 6]
[82, 0, 0, 0, 0, 249, 255, 11, 0, 8, 0, 250, 255, 8, 0, 6, 0, 250, 255, 10]
[83, 0, 0, 0, 0, 6, 0, 247, 255, 7, 0, 5, 0, 250, 255, 12, 0, 5, 0, 249]
[84, 0, 0, 0, 255, 7, 0, 11, 0, 250, 255, 10, 0, 5, 0, 251, 255, 9, 0, 4]
[85, 0, 0, 0, 0, 247, 255, 9, 0, 8, 0, 251, 255, 14, 0, 6, 0, 247, 255, 5]
[86, 0, 0, 0, 0, 5, 0, 251, 255, 12, 0, 5, 0, 251, 255, 7, 0, 9, 0, 247]
[87, 0, 0, 0, 255, 8, 0, 9, 0, 247, 255, 11, 0, 5, 0, 247, 255, 8, 0, 6]
[88, 0, 0, 0, 0, 250, 255, 10, 0, 7, 0, 249, 255, 7, 0, 4, 0, 248, 255, 8]
[89, 0, 0, 0, 0, 6, 0, 249, 255, 8, 0, 3, 0, 249, 255, 9, 0, 7, 0, 247]
[90, 0, 0, 0, 255, 10, 0, 3, 0, 250, 255, 6, 0, 6, 0, 249, 255, 9, 0, 8]
[91, 0, 0, 0, 0, 249, 255, 13, 0, 6, 0, 249, 255, 0, 0, 4, 0, 250, 255, 9]
[92, 0, 0, 0, 0, 4, 0, 253, 255, 8, 0, 6, 0, 244, 255, 8, 0, 6, 0, 245]
[93, 0, 0, 0, 255, 9, 0, 3, 0, 248, 255, 9, 0, 8, 0, 248, 255, 6, 0, 4]
[94, 0, 0, 0, 0, 253, 255, 10, 0, 5, 0, 249, 255, 7, 0, 4, 0, 248, 255, 8]
[95, 0, 0, 0, 0, 5, 0, 251, 255, 5, 0, 9, 0, 249, 255, 9, 0, 5, 0, 252]
[96, 0, 0, 0, 255, 11, 0, 7, 0, 250, 255, 6, 0, 4, 0, 254, 255, 10, 0, 3]
[97, 0, 0, 0, 0, 253, 255, 8, 0, 8, 0, 248, 255, 6, 0, 4, 0, 254, 255, 6]
[98, 0, 0, 0, 0, 4, 0, 250, 255, 2, 0, 5, 0, 252, 255, 8, 0, 3, 0, 250]
[99, 0, 0, 0, 255, 3, 0, 6, 0, 252, 255, 6, 0, 6, 0, 252, 255, 9, 0, 3]
[100, 0, 0, 0, 0, 252, 255, 4, 0, 6, 0, 249, 255, 7, 0, 4, 0, 251, 255, 8]
[101, 0, 0, 0, 0, 6, 0, 250, 255, 13, 0, 3, 0, 255, 255, 9, 0, 4, 0, 248]
[102, 0, 0, 0, 255, 6, 0, 4, 0, 251, 255, 11, 0, 5, 0, 253, 255, 10, 0, 7]
[103, 0, 0, 0, 0, 249, 255, 6, 0, 5, 0, 252, 255, 8, 0, 5, 0, 248, 255, 5]
[104, 0, 0, 0, 0, 3, 0, 247, 255, 7, 0, 2, 0, 250, 255, 8, 0, 6, 0, 250]
[105, 0, 0, 0, 255, 9, 0, 3, 0, 250, 255, 8, 0, 3, 0, 252, 255, 6, 0, 5]
[106, 0, 0, 0, 0, 250, 255, 6, 0, 3, 0, 253, 255, 7, 0, 4, 0, 250, 255, 9]
[107, 0, 0, 0, 0, 4, 0, 250, 255, 4, 0, 5, 0, 249, 255, 5, 0, 6, 0, 251]
[108, 0, 0, 0, 255, 7, 0, 3, 0, 251, 255, 6, 0, 6, 0, 249, 255, 6, 0, 8]
[109, 0, 0, 0, 0, 255, 255, 7, 0, 2, 0, 250, 255, 5, 0, 8, 0, 252, 255, 9]
[110, 0, 0, 0, 0, 4, 0, 249, 255, 3, 0, 6, 0, 247, 255, 8, 0, 4, 0, 249]
[111, 0, 0, 0, 255, 5, 0, 0, 0, 250, 255, 7, 0, 4, 0, 252, 255, 8, 0, 2]
[112, 0, 0, 0, 0, 251, 255, 5, 0, 5, 0, 248, 255, 8, 0, 9, 0, 0, 0, 6]
[113, 0, 0, 0, 0, 2, 0, 255, 255, 5, 0, 3, 0, 253, 255, 129, 94, 0, 192, 27]
[114, 0, 0, 0, 9, 0, 2, 0, 252, 255, 7, 0, 4, 0, 251, 255, 5, 0, 3, 0]
[115, 0, 0, 0, 251, 255, 7, 0, 1, 0, 252, 255, 7, 0, 1, 0, 248, 255, 7, 0]
[116, 0, 0, 0, 0, 0, 251, 255, 4, 0, 5, 0, 249, 255, 7, 0, 5, 0, 0, 0]
[117, 0, 0, 0, 7, 0, 4, 0, 251, 255, 1, 0, 1, 0, 251, 255, 8, 0, 3, 0]
[118, 0, 0, 0, 251, 255, 8, 0, 5, 0, 249, 255, 6, 0, 1, 0, 255, 255, 5, 0]
[119, 0, 0, 0, 3, 0, 252, 255, 6, 0, 5, 0, 254, 255, 7, 0, 3, 0, 251, 255]
[120, 0, 0, 0, 3, 0, 4, 0, 248, 255, 2, 0, 3, 0, 0, 0, 7, 0, 4, 0]
[121, 0, 0, 0, 250, 255, 5, 0, 5, 0, 252, 255, 7, 0, 2, 0, 254, 255, 5, 0]
[122, 0, 0, 0, 9, 0, 252, 255, 6, 0, 255, 255, 255, 255, 8, 0, 3, 0, 249, 255]
[123, 0, 0, 0, 0, 0, 3, 0, 251, 255, 6, 0, 3, 0, 248, 255, 7, 0, 4, 0]
[124, 0, 0, 0, 249, 255, 6, 0, 6, 0, 249, 255, 8, 0, 2, 0, 249, 255, 3, 0]
[125, 0, 0, 0, 6, 0, 252, 255, 8, 0, 3, 0, 249, 255, 3, 0, 4, 0, 249, 255]
[126, 0, 0, 0, 6, 0, 4, 0, 0, 0, 7, 0, 4, 0, 249, 255, 2, 0, 5, 0]
[127, 0, 0, 0, 249, 255, 6, 0, 5, 0, 252, 255, 4, 0, 6, 0, 248, 255, 2, 0]
[128, 0, 0, 0, 2, 0, 251, 255, 8, 0, 2, 0, 254, 255, 3, 0, 4, 0, 251, 255]
[129, 0, 0, 0, 8, 0, 5, 0, 252, 255, 3, 0, 4, 0, 249, 255, 4, 0, 6, 0]
[130, 0, 0, 0, 253, 255, 5, 0, 3, 0, 252, 255, 5, 0, 5, 0, 249, 255, 4, 0]
[131, 0, 0, 0, 3, 0, 253, 255, 3, 0, 7, 0, 249, 255, 8, 0, 1, 0, 253, 255]
[132, 0, 0, 0, 3, 0, 4, 0, 251, 255, 2, 0, 4, 0, 252, 255, 7, 0, 5, 0]
[133, 0, 0, 0, 253, 255, 2, 0, 6, 0, 248, 255, 11, 0, 1, 0, 255, 255, 7, 0]
[134, 0, 0, 0, 5, 0, 251, 255, 3, 0, 2, 0, 254, 255, 5, 0, 3, 0, 252, 255]
[135, 0, 0, 0, 3, 0, 5, 0, 251, 255, 10, 0, 0, 0, 254, 255, 6, 0, 3, 0]
[136, 0, 0, 0, 252, 255, 4, 0, 4, 0, 252, 255, 4, 0, 6, 0, 253, 255, 4, 0]
[137, 0, 0, 0, 3, 0, 253, 255, 7, 0, 5, 0, 252, 255, 6, 0, 5, 0, 252, 255]
[138, 0, 0, 0, 5, 0, 4, 0, 254, 255, 9, 0, 2, 0, 254, 255, 4, 0, 8, 0]
[139, 0, 0, 0, 253, 255, 5, 0, 4, 0, 254, 255, 5, 0, 5, 0, 249, 255, 0, 0]
[140, 0, 0, 0, 3, 0, 251, 255, 3, 0, 6, 0, 253, 255, 5, 0, 3, 0, 251, 255]
[141, 0, 0, 0, 5, 0, 1, 0, 253, 255, 3, 0, 5, 0, 251, 255, 4, 0, 254, 255]
[142, 0, 0, 0, 254, 255, 9, 0, 0, 0, 254, 255, 2, 0, 3, 0, 252, 255, 6, 0]
[143, 0, 0, 0, 6, 0, 255, 255, 3, 0, 3, 0, 251, 255, 2, 0, 6, 0, 251, 255]
[144, 0, 0, 0, 5, 0, 2, 0, 255, 255, 3, 0, 4, 0, 250, 255, 5, 0, 0, 0]
[145, 0, 0, 0, 253, 255, 3, 0, 4, 0, 254, 255, 3, 0, 2, 0, 248, 255, 4, 0]
[146, 0, 0, 0, 4, 0, 250, 255, 4, 0, 6, 0, 252, 255, 6, 0, 2, 0, 253, 255]
[147, 0, 0, 0, 7, 0, 3, 0, 250, 255, 5, 0, 0, 0, 251, 255, 4, 0, 1, 0]
[148, 0, 0, 0, 254, 255, 3, 0, 9, 0, 248, 255, 5, 0, 1, 0, 254, 255, 4, 0]
[149, 0, 0, 0, 2, 0, 254, 255, 3, 0, 1, 0, 3, 0, 7, 0, 1, 0, 254, 255]
[150, 0, 0, 0, 4, 0, 7, 0, 252, 255, 7, 0, 1, 0, 253, 255, 6, 0, 6, 0]
[151, 0, 0, 0, 253, 255, 1, 0, 3, 0, 251, 255, 7, 0, 0, 0, 253, 255, 8, 0]
[152, 0, 0, 0, 8, 0, 252, 255, 6, 0, 3, 0, 252, 255, 7, 0, 4, 0, 0, 0]
[153, 0, 0, 0, 3, 0, 3, 0, 252, 255, 6, 0, 2, 0, 252, 255, 5, 0, 4, 0]
[154, 0, 0, 0, 251, 255, 8, 0, 1, 0, 251, 255, 0, 0, 2, 0, 254, 255, 1, 0]
[155, 0, 0, 0, 3, 0, 252, 255, 7, 0, 3, 0, 254, 255, 5, 0, 4, 0, 252, 255]
[156, 0, 0, 0, 4, 0, 1, 0, 1, 0, 4, 0, 2, 0, 0, 0, 0, 0, 0, 0]
[157, 0, 0, 0, 249, 255, 9, 0, 4, 0, 253, 255, 5, 0, 5, 0, 251, 255, 5, 0]
[158, 0, 0, 0, 3, 0, 253, 255, 3, 0, 3, 0, 251, 255, 2, 0, 6, 0, 254, 255]
[159, 0, 0, 0, 7, 0, 3, 0, 0, 0, 0, 0, 5, 0, 253, 255, 7, 0, 3, 0]
[160, 0, 0, 0, 253, 255, 2, 0, 0, 0, 251, 255, 2, 0, 2, 0, 254, 255, 5, 0]
[161, 0, 0, 0, 1, 0, 254, 255, 6, 0, 5, 0, 252, 255, 3, 0, 1, 0, 1, 0]
[162, 0, 0, 0, 2, 0, 3, 0, 251, 255, 1, 0, 4, 0, 253, 255, 4, 0, 2, 0]
[163, 0, 0, 0, 251, 255, 1, 0, 6, 0, 255, 255, 3, 0, 1, 0, 252, 255, 5, 0]
[164, 0, 0, 0, 0, 0, 249, 255, 2, 0, 5, 0, 254, 255, 4, 0, 4, 0, 254, 255]
[165, 0, 0, 0, 0, 0, 4, 0, 252, 255, 7, 0, 2, 0, 255, 255, 3, 0, 5, 0]
[166, 0, 0, 0, 251, 255, 7, 0, 2, 0, 253, 255, 5, 0, 1, 0, 251, 255, 1, 0]
[167, 0, 0, 0, 5, 0, 250, 255, 3, 0, 2, 0, 252, 255, 3, 0, 5, 0, 255, 255]
[168, 0, 0, 0, 3, 0, 4, 0, 253, 255, 5, 0, 4, 0, 253, 255, 2, 0, 4, 0]
[169, 0, 0, 0, 253, 255, 5, 0, 1, 0, 2, 0, 145, 117, 0, 192, 27, 4, 0, 7]
[170, 0, 0, 0, 0, 253, 255, 4, 0, 1, 0, 255, 255, 6, 0, 254, 255, 1, 0, 0]
[171, 0, 0, 0, 0, 3, 0, 254, 255, 5, 0, 0, 0, 2, 0, 6, 0, 255, 255, 252]
[172, 0, 0, 0, 255, 1, 0, 1, 0, 253, 255, 0, 0, 0, 0, 255, 255, 1, 0, 4]
[173, 0, 0, 0, 0, 1, 0, 2, 0, 2, 0, 252, 255, 5, 0, 2, 0, 251, 255, 2]
[174, 0, 0, 0, 0, 254, 255, 253, 255, 8, 0, 1, 0, 254, 255, 255, 255, 6, 0, 252]
[175, 0, 0, 0, 255, 4, 0, 0, 0, 254, 255, 4, 0, 2, 0, 252, 255, 2, 0, 5]
[176, 0, 0, 0, 0, 255, 255, 4, 0, 1, 0, 255, 255, 2, 0, 1, 0, 253, 255, 2]
[177, 0, 0, 0, 0, 0, 0, 0, 0, 4, 0, 4, 0, 253, 255, 2, 0, 2, 0, 255]
[178, 0, 0, 0, 255, 9, 0, 2, 0, 255, 255, 5, 0, 4, 0, 251, 255, 4, 0, 0]
[179, 0, 0, 0, 0, 255, 255, 7, 0, 4, 0, 253, 255, 4, 0, 3, 0, 0, 0, 8]
[180, 0, 0, 0, 0, 254, 255, 254, 255, 1, 0, 4, 0, 252, 255, 5, 0, 255, 255, 254]
[181, 0, 0, 0, 255, 2, 0, 253, 255, 254, 255, 3, 0, 4, 0, 254, 255, 5, 0, 2]
[182, 0, 0, 0, 0, 254, 255, 0, 0, 3, 0, 252, 255, 4, 0, 4, 0, 255, 255, 6]
[183, 0, 0, 0, 0, 2, 0, 255, 255, 3, 0, 1, 0, 253, 255, 6, 0, 2, 0, 253]
[184, 0, 0, 0, 255, 0, 0, 2, 0, 250, 255, 2, 0, 1, 0, 255, 255, 3, 0, 3]
[185, 0, 0, 0, 0, 251, 255, 2, 0, 2, 0, 255, 255, 6, 0, 255, 255, 253, 255, 4]
[186, 0, 0, 0, 0, 4, 0, 255, 255, 3, 0, 3, 0, 255, 255, 6, 0, 3, 0, 251]
[187, 0, 0, 0, 255, 4, 0, 1, 0, 251, 255, 8, 0, 0, 0, 252, 255, 1, 0, 4]
[188, 0, 0, 0, 0, 252, 255, 5, 0, 3, 0, 0, 0, 1, 0, 2, 0, 253, 255, 255]
[189, 0, 0, 0, 255, 2, 0, 253, 255, 5, 0, 2, 0, 251, 255, 255, 255, 6, 0, 250]
[190, 0, 0, 0, 255, 3, 0, 3, 0, 255, 255, 4, 0, 5, 0, 251, 255, 0, 0, 5]
[191, 0, 0, 0, 0, 250, 255, 3, 0, 0, 0, 254, 255, 2, 0, 6, 0, 252, 255, 2]
[192, 0, 0, 0, 0, 0, 0, 0, 0, 1, 0, 2, 0, 251, 255, 1, 0, 4, 0, 251]
[193, 0, 0, 0, 255, 7, 0, 254, 255, 255, 255, 3, 0, 3, 0, 251, 255, 2, 0, 0]
[194, 0, 0, 0, 0, 255, 255, 1, 0, 6, 0, 248, 255, 254, 255, 3, 0, 254, 255, 2]
[195, 0, 0, 0, 0, 3, 0, 254, 255, 4, 0, 3, 0, 252, 255, 2, 0, 1, 0, 252]
[196, 0, 0, 0, 255, 3, 0, 2, 0, 254, 255, 3, 0, 3, 0, 1, 0, 3, 0, 0]
[197, 0, 0, 0, 0, 0, 0, 1, 0, 2, 0, 252, 255, 4, 0, 1, 0, 252, 255, 1]
[198, 0, 0, 0, 0, 0, 0, 251, 255, 255, 255, 1, 0, 251, 255, 8, 0, 1, 0, 255]
[199, 0, 0, 0, 255, 0, 0, 8, 0, 0, 0, 2, 0, 3, 0, 2, 0, 3, 0, 255]
[200, 0, 0, 0, 255, 255, 255, 254, 255, 3, 0, 252, 255, 6, 0, 2, 0, 252, 255, 1]
[201, 0, 0, 0, 0, 4, 0, 253, 255, 3, 0, 0, 0, 1, 0, 1, 0, 1, 0, 255]
[202, 0, 0, 0, 255, 0, 0, 5, 0, 2, 0, 4, 0, 1, 0, 254, 255, 1, 0, 4]
[203, 0, 0, 0, 0, 255, 255, 1, 0, 255, 255, 2, 0, 5, 0, 2, 0, 253, 255, 2]
[204, 0, 0, 0, 0, 4, 0, 0, 0, 2, 0, 1, 0, 1, 0, 1, 0, 4, 0, 254]
[205, 0, 0, 0, 255, 4, 0, 3, 0, 1, 0, 1, 0, 6, 0, 0, 0, 3, 0, 3]
[206, 0, 0, 0, 0, 1, 0, 5, 0, 3, 0, 254, 255, 255, 255, 5, 0, 251, 255, 4]
[207, 0, 0, 0, 0, 2, 0, 255, 255, 3, 0, 4, 0, 1, 0, 3, 0, 2, 0, 0]
[208, 0, 0, 0, 0, 255, 255, 0, 0, 255, 255, 255, 255, 6, 0, 254, 255, 5, 0, 1]
[209, 0, 0, 0, 0, 3, 0, 3, 0, 4, 0, 255, 255, 253, 255, 4, 0, 2, 0, 5]
[210, 0, 0, 0, 0, 2, 0, 1, 0, 2, 0, 255, 255, 1, 0, 4, 0, 1, 0, 2]
[211, 0, 0, 0, 0, 6, 0, 1, 0, 253, 255, 1, 0, 1, 0, 0, 0, 3, 0, 2]
[212, 0, 0, 0, 0, 252, 255, 2, 0, 5, 0, 254, 255, 2, 0, 2, 0, 1, 0, 5]
[213, 0, 0, 0, 0, 2, 0, 252, 255, 1, 0, 1, 0, 252, 255, 5, 0, 2, 0, 1]
[214, 0, 0, 0, 0, 254, 255, 2, 0, 253, 255, 4, 0, 4, 0, 255, 255, 4, 0, 255]
[215, 0, 0, 0, 255, 252, 255, 255, 255, 4, 0, 254, 255, 5, 0, 255, 255, 255, 255, 0]
[216, 0, 0, 0, 0, 2, 0, 252, 255, 1, 0, 3, 0, 254, 255, 5, 0, 3, 0, 254]
[217, 0, 0, 0, 255, 0, 0, 3, 0, 1, 0, 3, 0, 255, 255, 253, 255, 3, 0, 0]
[218, 0, 0, 0, 0, 254, 255, 3, 0, 0, 0, 2, 0, 4, 0, 1, 0, 253, 255, 0]
[219, 0, 0, 0, 0, 3, 0, 0, 0, 2, 0, 254, 255, 252, 255, 1, 0, 4, 0, 254]
[220, 0, 0, 0, 255, 1, 0, 0, 0, 0, 0, 6, 0, 2, 0, 254, 255, 4, 0, 2]
[221, 0, 0, 0, 0, 255, 255, 0, 0, 1, 0, 0, 0, 3, 0, 0, 0, 253, 255, 3]
[222, 0, 0, 0, 0, 0, 0, 2, 0, 6, 0, 4, 0, 252, 255, 1, 0, 255, 255, 255]
[223, 0, 0, 0, 255, 5, 0, 4, 0, 252, 255, 3, 0, 1, 0, 252, 255, 5, 0, 255]
[224, 0, 0, 0, 255, 255, 255, 4, 0, 0, 0, 250, 255, 0, 0, 2, 0, 254, 255, 1]
[225, 0, 0, 0, 0, 254, 255, 2, 0, 161, 140, 0, 192, 27, 255, 255, 4, 0, 1, 0]
[226, 0, 0, 0, 4, 0, 2, 0, 255, 255, 7, 0, 254, 255, 253, 255, 1, 0, 0, 0]
[227, 0, 0, 0, 0, 0, 254, 255, 255, 255, 253, 255, 255, 255, 3, 0, 254, 255, 1, 0]
[228, 0, 0, 0, 1, 0, 2, 0, 5, 0, 2, 0, 254, 255, 0, 0, 253, 255, 254, 255]
[229, 0, 0, 0, 0, 0, 1, 0, 1, 0, 0, 0, 3, 0, 254, 255, 254, 255, 0, 0]
[230, 0, 0, 0, 0, 0, 1, 0, 2, 0, 254, 255, 4, 0, 1, 0, 1, 0, 4, 0]
[231, 0, 0, 0, 255, 255, 0, 0, 251, 255, 2, 0, 249, 255, 0, 0, 253, 255, 2, 0]
[232, 0, 0, 0, 254, 255, 0, 0, 254, 255, 6, 0, 0, 0, 253, 255, 5, 0, 254, 255]
[233, 0, 0, 0, 3, 0, 2, 0, 4, 0, 254, 255, 1, 0, 0, 0, 255, 255, 2, 0]
[234, 0, 0, 0, 0, 0, 254, 255, 1, 0, 2, 0, 254, 255, 3, 0, 255, 255, 255, 255]
[235, 0, 0, 0, 2, 0, 7, 0, 254, 255, 3, 0, 0, 0, 2, 0, 2, 0, 0, 0]
[236, 0, 0, 0, 251, 255, 1, 0, 0, 0, 254, 255, 2, 0, 1, 0, 0, 0, 255, 255]
[237, 0, 0, 0, 2, 0, 254, 255, 255, 255, 2, 0, 1, 0, 4, 0, 1, 0, 253, 255]
[238, 0, 0, 0, 1, 0, 6, 0, 255, 255, 4, 0, 254, 255, 255, 255, 253, 255, 5, 0]
[239, 0, 0, 0, 255, 255, 4, 0, 1, 0, 2, 0, 2, 0, 1, 0, 1, 0, 1, 0]
[240, 0, 0, 0, 1, 0, 4, 0, 1, 0, 2, 0, 255, 255, 255, 255, 4, 0, 254, 255]
[241, 0, 0, 0, 1, 0, 2, 0, 0, 0, 6, 0, 253, 255, 254, 255, 251, 255, 255, 255]
[242, 0, 0, 0, 0, 0, 3, 0, 254, 255, 252, 255, 0, 0, 6, 0, 252, 255, 3, 0]
[243, 0, 0, 0, 255, 255, 255, 255, 4, 0, 2, 0, 255, 255, 0, 0, 3, 0, 254, 255]
[244, 0, 0, 0, 3, 0, 2, 0, 254, 255, 255, 255, 3, 0, 251, 255, 1, 0, 2, 0]
[245, 0, 0, 0, 254, 255, 3, 0, 4, 0, 248, 255, 253, 255, 253, 255, 2, 0, 4, 0]
[246, 0, 0, 0, 3, 0, 255, 255, 1, 0, 7, 0, 254, 255, 3, 0, 0, 0, 3, 0]
[247, 0, 0, 0, 1, 0, 3, 0, 253, 255, 0, 0, 255, 255, 1, 0, 3, 0, 0, 0]
[248, 0, 0, 0, 254, 255, 255, 255, 4, 0, 252, 255, 1, 0, 255, 255, 254, 255, 3, 0]
[249, 0, 0, 0, 4, 0, 255, 255, 253, 255, 2, 0, 254, 255, 5, 0, 252, 255, 255, 255]
[250, 0, 0, 0, 254, 255, 4, 0, 250, 255, 2, 0, 2, 0, 253, 255, 255, 255, 2, 0]
[251, 0, 0, 0, 254, 255, 1, 0, 2, 0, 255, 255, 3, 0, 2, 0, 1, 0, 254, 255]
[252, 0, 0, 0, 3, 0, 252, 255, 4, 0, 1, 0, 2, 0, 3, 0, 1, 0, 252, 255]
[253, 0, 0, 0, 0, 0, 4, 0, 0, 0, 5, 0, 0, 0, 254, 255, 254, 255, 2, 0]
[254, 0, 0, 0, 255, 255, 5, 0, 3, 0, 0, 0, 2, 0, 2, 0, 254, 255, 0, 0]
[255, 0, 0, 0, 0, 0, 0, 0, 4, 0, 255, 255, 254, 255, 2, 0, 255, 255, 252, 255]
[0, 1, 0, 0, 3, 0, 254, 255, 2, 0, 4, 0, 255, 255, 254, 255, 2, 0, 4, 0]
[1, 1, 0, 0, 0, 0, 2, 0, 1, 0, 0, 0, 0, 0, 1, 0, 0, 0, 2, 0]
[2, 1, 0, 0, 0, 0, 1, 0, 3, 0, 3, 0, 255, 255, 0, 0, 1, 0, 253, 255]
[3, 1, 0, 0, 2, 0, 252, 255, 255, 255, 2, 0, 5, 0, 252, 255, 0, 0, 255, 255]
[4, 1, 0, 0, 255, 255, 2, 0, 4, 0, 251, 255, 255, 255, 1, 0, 0, 0, 1, 0]
[5, 1, 0, 0, 0, 0, 0, 0, 2, 0, 1, 0, 0, 0, 5, 0, 2, 0, 252, 255]
[6, 1, 0, 0, 2, 0, 1, 0, 1, 0, 0, 0, 0, 0, 0, 0, 2, 0, 255, 255]
[7, 1, 0, 0, 255, 255, 0, 0, 4, 0, 255, 255, 255, 255, 1, 0, 3, 0, 3, 0]
[8, 1, 0, 0, 5, 0, 253, 255, 255, 255, 1, 0, 0, 0, 6, 0, 1, 0, 255, 255]
[9, 1, 0, 0, 1, 0, 5, 0, 249, 255, 3, 0, 3, 0, 253, 255, 0, 0, 0, 0]
[10, 1, 0, 0, 0, 0, 255, 255, 3, 0, 252, 255, 255, 255, 255, 255, 252, 255, 0, 0]
[11, 1, 0, 0, 5, 0, 250, 255, 254, 255, 255, 255, 3, 0, 2, 0, 255, 255, 252, 255]
[12, 1, 0, 0, 254, 255, 2, 0, 1, 0, 4, 0, 0, 0, 255, 255, 1, 0, 2, 0]
[13, 1, 0, 0, 251, 255, 0, 0, 255, 255, 2, 0, 2, 0, 4, 0, 250, 255, 2, 0]
[14, 1, 0, 0, 2, 0, 1, 0, 3, 0, 3, 0, 254, 255, 3, 0, 255, 255, 255, 255]
[15, 1, 0, 0, 3, 0, 0, 0, 3, 0, 5, 0, 254, 255, 253, 255, 3, 0, 2, 0]
[16, 1, 0, 0, 1, 0, 2, 0, 253, 255, 255, 255, 2, 0, 0, 0, 255, 255, 4, 0]
[17, 1, 0, 0, 0, 0, 1, 0, 3, 0, 3, 0, 253, 255, 254, 255, 255, 255, 0, 0]
[18, 1, 0, 0, 4, 0, 0, 0, 0, 0, 254, 255, 2, 0, 252, 255, 0, 0, 3, 0]
[19, 1, 0, 0, 255, 255, 255, 255, 3, 0, 0, 0, 255, 255, 2, 0, 250, 255, 6, 0]
[20, 1, 0, 0, 2, 0, 1, 0, 5, 0, 2, 0, 251, 255, 5, 0, 0, 0, 0, 0]
[21, 1, 0, 0, 0, 0, 0, 0, 255, 255, 0, 0, 1, 0, 254, 255, 3, 0, 254, 255]
[22, 1, 0, 0, 253, 255, 0, 0, 2, 0, 252, 255, 4, 0, 3, 0, 255, 255, 4, 0]
[23, 1, 0, 0, 3, 0, 1, 0, 1, 0, 1, 0, 1, 0, 255, 255, 3, 0, 2, 0]
[24, 1, 0, 0, 253, 255, 1, 0, 254, 255, 3, 0, 1, 0, 0, 0, 2, 0, 3, 0]
[25, 1, 0, 0, 250, 255, 193, 163, 0, 192, 27, 0, 0, 1, 0, 255, 255, 4, 0, 254]
[26, 1, 0, 0, 255, 1, 0, 2, 0, 2, 0, 253, 255, 3, 0, 0, 0, 1, 0, 0]
[27, 1, 0, 0, 0, 2, 0, 0, 0, 1, 0, 255, 255, 3, 0, 0, 0, 254, 255, 255]
[28, 1, 0, 0, 255, 0, 0, 0, 0, 254, 255, 1, 0, 255, 255, 254, 255, 4, 0, 253]
[29, 1, 0, 0, 255, 1, 0, 253, 255, 0, 0, 1, 0, 3, 0, 0, 0, 1, 0, 0]
[30, 1, 0, 0, 0, 3, 0, 255, 255, 5, 0, 254, 255, 1, 0, 0, 0, 1, 0, 1]
[31, 1, 0, 0, 0, 1, 0, 2, 0, 2, 0, 2, 0, 2, 0, 1, 0, 252, 255, 2]
[32, 1, 0, 0, 0, 1, 0, 5, 0, 1, 0, 3, 0, 1, 0, 1, 0, 255, 255, 255]
[33, 1, 0, 0, 255, 3, 0, 2, 0, 2, 0, 3, 0, 0, 0, 254, 255, 6, 0, 253]
[34, 1, 0, 0, 255, 255, 255, 0, 0, 3, 0, 1, 0, 1, 0, 2, 0, 255, 255, 6]
[35, 1, 0, 0, 0, 253, 255, 3, 0, 1, 0, 253, 255, 255, 255, 0, 0, 255, 255, 255]
[36, 1, 0, 0, 255, 2, 0, 3, 0, 255, 255, 1, 0, 255, 255, 255, 255, 1, 0, 0]
[37, 1, 0, 0, 0, 4, 0, 255, 255, 0, 0, 1, 0, 7, 0, 1, 0, 4, 0, 255]
[38, 1, 0, 0, 255, 4, 0, 0, 0, 0, 0, 253, 255, 254, 255, 1, 0, 254, 255, 1]
[39, 1, 0, 0, 0, 2, 0, 1, 0, 255, 255, 2, 0, 255, 255, 4, 0, 0, 0, 3]
[40, 1, 0, 0, 0, 0, 0, 4, 0, 252, 255, 6, 0, 0, 0, 2, 0, 6, 0, 0]
[41, 1, 0, 0, 0, 0, 0, 255, 255, 4, 0, 253, 255, 3, 0, 2, 0, 1, 0, 2]
[42, 1, 0, 0, 0, 3, 0, 252, 255, 1, 0, 4, 0, 0, 0, 2, 0, 253, 255, 255]
[43, 1, 0, 0, 255, 255, 255, 0, 0, 253, 255, 2, 0, 1, 0, 2, 0, 1, 0, 0]
[44, 1, 0, 0, 0, 1, 0, 0, 0, 2, 0, 0, 0, 3, 0, 255, 255, 254, 255, 255]
[45, 1, 0, 0, 255, 3, 0, 253, 255, 3, 0, 0, 0, 2, 0, 254, 255, 1, 0, 255]
[46, 1, 0, 0, 255, 254, 255, 1, 0, 2, 0, 4, 0, 1, 0, 254, 255, 255, 255, 4]
[47, 1, 0, 0, 0, 254, 255, 0, 0, 0, 0, 1, 0, 3, 0, 1, 0, 0, 0, 1]
[48, 1, 0, 0, 0, 2, 0, 254, 255, 0, 0, 2, 0, 253, 255, 254, 255, 3, 0, 253]
[49, 1, 0, 0, 255, 1, 0, 250, 255, 1, 0, 1, 0, 2, 0, 251, 255, 253, 255, 255]
[50, 1, 0, 0, 255, 1, 0, 1, 0, 0, 0, 254, 255, 2, 0, 7, 0, 2, 0, 0]
[51, 1, 0, 0, 0, 1, 0, 2, 0, 1, 0, 3, 0, 253, 255, 255, 255, 2, 0, 0]
[52, 1, 0, 0, 0, 3, 0, 0, 0, 254, 255, 254, 255, 2, 0, 254, 255, 4, 0, 252]
[53, 1, 0, 0, 255, 3, 0, 0, 0, 0, 0, 255, 255, 2, 0, 2, 0, 0, 0, 0]
[54, 1, 0, 0, 0, 255, 255, 251, 255, 254, 255, 2, 0, 252, 255, 4, 0, 1, 0, 1]
[55, 1, 0, 0, 0, 3, 0, 253, 255, 253, 255, 2, 0, 1, 0, 250, 255, 7, 0, 254]
[56, 1, 0, 0, 255, 1, 0, 0, 0, 0, 0, 255, 255, 2, 0, 254, 255, 1, 0, 2]
[57, 1, 0, 0, 0, 0, 0, 254, 255, 0, 0, 2, 0, 1, 0, 5, 0, 2, 0, 0]
[58, 1, 0, 0, 0, 4, 0, 0, 0, 253, 255, 2, 0, 254, 255, 1, 0, 1, 0, 3]
[59, 1, 0, 0, 0, 253, 255, 255, 255, 0, 0, 5, 0, 255, 255, 0, 0, 255, 255, 1]
[60, 1, 0, 0, 0, 3, 0, 255, 255, 255, 255, 255, 255, 0, 0, 3, 0, 3, 0, 255]
[61, 1, 0, 0, 255, 1, 0, 1, 0, 1, 0, 2, 0, 1, 0, 253, 255, 1, 0, 255]
[62, 1, 0, 0, 255, 0, 0, 3, 0, 254, 255, 0, 0, 3, 0, 1, 0, 1, 0, 2]
[63, 1, 0, 0, 0, 0, 0, 0, 0, 3, 0, 255, 255, 0, 0, 253, 255, 1, 0, 254]
[64, 1, 0, 0, 255, 3, 0, 0, 0, 3, 0, 2, 0, 0, 0, 253, 255, 255, 255, 3]
[65, 1, 0, 0, 0, 255, 255, 1, 0, 254, 255, 2, 0, 253, 255, 2, 0, 251, 255, 1]
[66, 1, 0, 0, 0, 255, 255, 2, 0, 4, 0, 1, 0, 253, 255, 0, 0, 1, 0, 255]
[67, 1, 0, 0, 255, 1, 0, 255, 255, 2, 0, 1, 0, 3, 0, 0, 0, 1, 0, 253]
[68, 1, 0, 0, 255, 1, 0, 5, 0, 1, 0, 1, 0, 0, 0, 254, 255, 255, 255, 6]
[69, 1, 0, 0, 0, 0, 0, 255, 255, 254, 255, 252, 255, 2, 0, 0, 0, 253, 255, 1]
[70, 1, 0, 0, 0, 1, 0, 255, 255, 255, 255, 254, 255, 1, 0, 255, 255, 1, 0, 255]
[71, 1, 0, 0, 255, 0, 0, 254, 255, 3, 0, 0, 0, 3, 0, 1, 0, 3, 0, 255]
[72, 1, 0, 0, 255, 0, 0, 252, 255, 1, 0, 0, 0, 254, 255, 3, 0, 0, 0, 253]
[73, 1, 0, 0, 255, 254, 255, 2, 0, 5, 0, 1, 0, 252, 255, 2, 0, 3, 0, 255]
[74, 1, 0, 0, 255, 254, 255, 1, 0, 2, 0, 1, 0, 1, 0, 254, 255, 253, 255, 251]
[75, 1, 0, 0, 255, 4, 0, 1, 0, 2, 0, 252, 255, 0, 0, 0, 0, 0, 0, 253]
[76, 1, 0, 0, 255, 2, 0, 254, 255, 255, 255, 1, 0, 255, 255, 1, 0, 0, 0, 1]
[77, 1, 0, 0, 0, 255, 255, 254, 255, 0, 0, 1, 0, 6, 0, 3, 0, 254, 255, 255]
[78, 1, 0, 0, 255, 253, 255, 1, 0, 255, 255, 255, 255, 0, 0, 255, 255, 1, 0, 3]
[79, 1, 0, 0, 0, 3, 0, 255, 255, 255, 255, 2, 0, 255, 255, 0, 0, 1, 0, 0]
[80, 1, 0, 0, 0, 253, 255, 1, 0, 255, 255, 1, 0, 255, 255, 255, 255, 255, 255, 120]
[81, 1, 0, 0, 134, 13, 96, 170, 170, 170, 170, 255, 255, 255, 255, 255, 255, 255, 255, 255]
[82, 1, 0, 0, 234, 209, 228, 210, 0, 0, 0, 0, 0, 0, 0, 0, 0, 0, 0, 0]
