0.0 0.0 0.0
0.0 0.0 2184.5
2184.5 0.0 0.0
-1331.2 0.5 0.0
10.0 1665.5 4.8
710.4 2.4 1.9
-3.6 2.5 1.7
-2.8 2.3 1.9
-3.2 2.5 1.7
-3.4 2.5 2.0
-3.2 2.4 2.3
-3.5 2.7 1.8
-3.2 2.6 2.2
-3.5 2.4 1.6
-3.1 2.7 1.7
-3.8 2.3 1.7
-2.8 2.6 1.7
-3.1 2.1 2.2
-3.2 2.4 1.7
-3.3 2.4 1.4
-3.4 2.2 1.5
-3.1 2.4 2.0
-3.2 2.2 1.9
-3.5 2.8 1.6
-2.7 2.4 1.9
-3.2 1.9 1.8
-2.9 2.3 1.7
-3.3 2.0 1.8
-3.2 2.4 1.6
-3.0 2.3 1.9
-3.1 2.2 1.6
-3.2 2.5 1.4
-3.5 2.4 1.6
-3.2 2.1 1.7
-3.0 2.7 1.8
-2.8 1.8 1.9
-3.5 2.2 1.4
-3.3 2.4 1.7
-3.3 2.3 1.3
-2.7 2.3 1.4
-3.1 2.0 1.6
-3.2 2.4 1.1
-3.0 1.8 1.8
-3.1 2.0 1.6
-2.9 2.2 1.9
-3.3 2.0 1.2
-2.7 2.1 0.9
-2.8 2.2 1.5
-3.0 2.3 1.3
-2.5 2.4 1.7
-2.7 2.3 1.7
-2.8 2.1 1.0
-2.8 1.6 1.9
-3.0 2.4 1.3
-2.8 1.8 1.6
-3.0 1.6 1.6
-2.7 2.1 1.8
-3.1 1.9 1.7
-2.6 1.8 1.7
-2.3 2.1 1.8
-3.1 1.9 1.5
-2.9 2.2 1.7
-2.6 1.8 1.3
-3.0 2.1 1.1
-2.6 2.1 1.2
-2.7 1.7 1.4
-3.0 2.6 1.3
-2.7 1.9 1.9
-2.9 1.9 1.5
-2.7 1.8 1.4
-2.9 1.7 1.5
-2.9 2.1 1.2
-2.7 1.8 1.4
-3.1 1.7 1.2
-2.4 1.9 1.3
-2.7 1.8 1.6
-2.2 2.1 1.5
-2.3 1.9 1.6
-3.3 1.9 1.2
-2.3 1.9 1.3
-2.8 1.7 1.2
-2.7 1.8 0.9
-2.9 1.6 1.6
-2.4 1.7 1.0
-2.3 1.9 1.0
-2.5 1.6 1.3
-2.5 1.7 0.8
-2.8 1.7 1.4
-2.4 1.9 0.9
-2.1 2.3 1.3
-2.7 1.4 1.4
-2.8 2.1 1.0
-2.0 1.9 1.3
-2.6 1.8 1.2
-2.0 1.5 1.4
-2.6 1.5 1.1
-2.5 1.6 1.0
-2.1 1.3 1.6
-2.8 1.6 1.4
-2.4 1.5 1.1
-2.8 1.8 1.5
-2.3 1.9 1.2
-2.4 1.6 1.4
-2.7 2.0 1.1
-2.2 1.9 1.3
-2.5 1.3 1.2
-2.4 1.9 0.8
-2.1 1.4 1.3
-2.5 1.8 1.1
-2.5 1.7 1.0
-2.4 1.3 1.4
-2.5 2.0 1.0
-2.1 1.5 1.1
-2.4 1.6 0.9
-2.6 1.7 1.6
-2.3 1.3 1.2
-2.1 2.1 1.1
-1.8 1.7 1.6
-2.5 1.6 1.2
-2.1 1.8 1.5
-2.3 1.3 1.2
-2.4 1.4 1.6
-2.4 1.8 1.1
-2.4 1.7 1.3
-2.1 1.4 0.9
-2.5 1.5 1.4
-1.9 1.9 1.0
-2.3 1.5 1.7
-2.5 1.6 1.3
-2.0 1.5 1.3
-1.9 1.7 1.4
-2.4 1.8 1.2
-2.1 1.5 1.3
-1.9 1.7 1.2
-1.9 1.5 1.1
-2.0 1.8 1.4
-1.9 1.9 1.1
-1.9 1.6 1.3
-2.2 1.3 0.8
-2.3 1.3 1.2
-2.4 1.0 1.1
-2.5 1.5 1.2
-2.1 1.5 1.2
-2.4 1.4 1.0
-2.0 1.7 0.8
-2.6 1.51.3
-512.0 281.5 179.2
-563.2 307.1 153.6
0.0 409.5 179.2 
-460.8 358.3 307.2
-512.0 2508.7 7.1 
710.4 1.4 0.5
-1.8 1.4 1.0
-2.0 1.3  1.0 
-2.2 1.6 0.9
-1.8 1.0 1.0
-2.2 1.1 0.7 
-1.8 1.3 0.9
-2.5 0.8 0.7 
-1.8 1.1 0.7
-1.7 1.1 1.0
-2.0 1.4  1.0 
-1.8 1.3 1.0
-2.0 1.2 1.2
-1.7 1.5 0.8 
-2.1 1.2 1.0
-2.2 1.2 0.7 
-1.6 1.3 1.0
-1.7 1.3 1.4
-1.9 1.0  0.9 
-1.8 1.2 1.2
-2.1 1.2 1.0
-1.9 1.1 0.7 
-1.7 0.7 0.7
-1.7 1.0 0.7 
-2.1 1.0 0.9
-1.7 1.4 0.6
-1.3 1.2  0.8 
-1.8 1.0 1.1
-1.8 1.2 1.0
-1.7 1.0 1.0 
-2.0 1.1 0.5
-1.8 1.1 1.1 
-1.8 1.1 1.0
-1.9 1.2 0.8
-1.7 1.1  1.2 
-1.8 1.2 0.8
-1.8 1.4 0.7
-1.6 1.1 1.2 
-1.8 1.4 0.9
-1.5 1.3 1.1 
-1.8 1.3 0.9
-1.5 1.2 0.6
-1.8 1.0  0.9 
-1.5 1.2 0.9
-1.8 1.1 1.4
-1.7 0.6 0.7 
-1.6 1.2 0.9
-1.8 1.2 0.8 
-1.7 1.3 0.6
-1.5 1.2 1.1
-1.8 1.0  0.6 
-1.8 1.6 0.5
-1.5 1.2 1.0
-1.6 1.4 0.7 
-1.4 0.8 1.1
-1.7 1.2 0.9 
-1.3 1.2 0.8
-1.3 0.8 1.0
-1.6 1.3  0.7 
-1.6 1.0 0.9
-1.5 1.0 0.5
-1.2 1.0 1.1 
-2.1 0.6 1.0
-1.6 1.3 0.5 
-1.5 0.9 1.0
-1.4 1.0 1.2
-1.4 1.0  1.0 
-1.6 1.1 0.8
-1.6 1.0 0.7
-1.6 1.0 0.6 
-1.4 1.2 0.7
-1.1 1.1 0.5 
-1.4 0.6 0.7
-1.6 1.1 0.4
-1.5 1.2  0.5 
-1.2 1.2 0.5
-1.3 1.1 0.7
-1.2 0.8 0.4 
-1.3 1.0 0.6
-1.1 1.2 0.8 
-1.5 0.8 0.7
-1.4 0.3 0.7
-1.7 1.2  0.6 
-1.5 1.0 0.0
-0.9 0.8 0.9
-0.9 1.2 0.3 
-0.8 1.1 0.8
-1.6 0.7 0.6 
-1.4 1.3 0.3
-1.1 0.9 0.5
-1.3 0.9  0.3 
-0.9 0.7 0.9
-1.5 0.8 0.6
-1.0 1.4 0.8 
-1.2 0.9 0.7
-1.2 1.1 0.6 
-1.1 0.9 0.6
-1.4 0.9 0.4
-1.0 0.8  0.1 
-1.3 0.9 0.7
-1.7 1.4 0.3
-1.1 0.6 1.3 
-1.7 0.7 0.7
-1.5 0.5 0.7 
-1.4 0.5 0.8
-1.5 0.8 0.2
-1.1 0.8  0.5 
-1.6 0.6 0.7
-1.3 1.1 0.5
-1.5 0.9 0.5 
-1.5 0.8 0.4
-1.4 0.8 0.5 
-1.6 0.8 0.3
-1.3 1.0 0.1
-1.5 0.3  0.9 
-1.3 0.8 0.6
-1.3 0.7 0.7
-1.5 0.9 0.4 
-1.4 1.2 0.6
-1.4 0.9 0.5 
-1.4 0.7 0.3
-1.3 0.6 0.2
-1.6 0.4  0.5 
-1.5 0.8 0.4
-1.0 0.8 0.5
-0.9 0.8 0.3 
-0.9 0.7 0.3
-1.1 0.6 0.5 
-1.4 1.0 -0.1
-0.8 0.6 0.2
-1.2 0.6  0.3 
-1.3 0.6 0.3
-1.3 0.6 0.4
-1.0 0.7 0.1 
-1.3 0.6 0.4
-1.4 0.7 0.1 
-0.9 0.8 0.0
-1.0 0.4 0.3
-0.8 0.6  0.2 
-1.0 0.3 0.8
-1.1 0.6 0.4
-1.0 0.6 0.4 
-435.2 281.5 153.6
-307.2 255.9 179.2
-307.2 255.9 153.6
-256.0 -3225.7 9.4
710.4 0.9 0.4
-1.4 0.4 0.8
-1.7 0.7 0.3
-1.4 0.7 0.2
-1.4 0.5 0.1
-1.3 0.7 0.0
-1.3 0.5 0.5
-1.7 0.9 -0.2
-1.3 0.8 0.4
-1.5 0.6 0.4
-1.2 0.7 0.2
-1.4 0.5 0.5
-1.5 0.4 0.6
-0.9 0.6 0.6
-1.6 0.8 0.6
-1.8 0.5 0.2
-1.2 0.5 0.4
-1.7 0.8 0.6
-1.3 0.8 0.3
-1.2 0.5 0.3
-1.3 1.1 0.2
-0.7 0.8 0.4
-1.3 0.8 0.5
-0.9 0.7 0.4
-1.2 0.6 0.2
-1.0 0.8 0.1
-0.8 0.6 0.2
-1.2 0.8 0.2
-0.4 0.9 0.0
-0.9 0.4 0.5
-1.0 1.0 0.6
-1.1 0.7 0.8
-0.9 0.8 0.2
-1.0 0.7 0.4
-1.0 0.7 0.5
-1.1 0.8 0.3
-0.8 1.0 0.7
-1.3 0.6 -0.1
-0.8 0.4 0.6
-0.8 0.4 0.3
-0.9 0.7 0.2
-1.0 0.2 0.5
-0.7 0.7 0.1
-0.4 1.0 0.2
-0.8 0.4 0.6
-0.3 0.9 0.2
-1.0 0.5 0.5
-1.4 0.3 0.4
-0.8 0.8 0.4
-0.7 0.3 0.4
-0.9 0.7 0.2
-0.9 0.7 0.6
-1.1 0.4 0.4
-0.7 0.7 0.2
-0.7 0.6 0.5
-1.1 0.8 0.4
-1.3 0.6 0.5
-1.2 0.6 0.3
-0.7 0.7 0.3
-0.8 0.4 0.6
-1.0 0.7 0.0
-0.5 0.8 0.9
-1.1 1.0 -0.1
-0.8 0.8 0.7
-1.3 0.9 0.4
-1.3 0.8 0.5
-0.8 0.9 0.4
-0.8 0.7 0.3
-0.5 0.6 0.8
-1.1 0.9 0.9
-1.3 1.1 0.4
-0.7 0.5 0.9
-0.9 0.9 0.5
-1.0 0.9 0.5
-1.2 0.6 0.5
-0.8 1.0 0.7
-1.0 0.8 0.5
-1.0 0.8 0.5
-1.0 0.9 0.9
-1.2 0.3 0.7
-0.9 0.9 0.2
-1.1 0.4 0.5
-1.2 0.6 0.2
-0.9 0.7 0.7
-0.7 0.8 0.6
-1.2 0.6 0.6
-0.8 0.5 0.8
-0.8 1.0 0.5
-0.3 0.7 0.3
-0.5 0.5 0.5
-0.8 0.5 0.3
-0.8 0.4 0.7
-0.9 0.9 0.2
-0.5 0.8 0.6
-0.6 0.7 0.1
-0.6 0.8 0.2
-0.8 0.8 0.8
-0.6 0.4 0.4
0.0 0.2 0.3
-0.6 0.4 0.2
-0.8 0.4 0.2
-0.8 0.8 0.4
-0.5 0.7 0.1
0.0 0.8 0.4
-1.0 0.9 0.4
-0.6 0.8 0.3
-0.6 0.2 0.5
0.0 0.0 0.0
0.0 0.0 2184.5
2184.5 0.0 0.0
-1075.2 0.4 0.0
10.0 1665.5 4.8
710.4 2.4 1.6
-2.2 2.9 1.6
-2.1 2.8 1.8
-2.2 3.0 1.8
-2.0 3.2 1.8
-2.1 2.5 1.7
-2.7 2.7 1.5
-2.2 2.7 1.9
-2.5 2.7 1.7
-2.4 2.5 1.9
-2.3 2.3 1.3
-1.8 2.9 1.4
-2.2 2.6 1.9
-2.1 2.5 1.7
-2.2 2.8 1.8
-2.7 2.5 1.6
-2.2 2.8 1.5
-2.2 2.4 1.9
-2.2 2.6 1.4
-1.9 2.2 1.6
-2.1 2.3 1.7
-2.0 2.8 1.6
-1.7 2.5 1.8
-2.1 2.6 1.2
-1.8 2.3 1.4
-1.9 2.0 1.4
-2.0 2.0 1.3
-2.3 2.5 2.0
-2.4 2.7 1.4
-2.1 2.6 1.4
-2.1 2.4 1.8
-2.3 2.4 1.4
-2.0 2.0 1.9
-1.9 2.3 1.5
-1.5 2.2 1.6
-2.0 2.1 1.2
-2.0 2.4 1.5
-2.0 2.4 1.8
-2.3 2.5 1.3
-2.2 2.2 1.5
-1.8 2.7 1.3
-1.6 2.6 1.2
-2.3 2.1 1.5
-2.3 2.1 1.0
-1.8 2.4 1.5
-2.0 2.1 1.4
-2.1 2.4 1.6
-1.8 2.2 1.5
-1.9 2.3 1.2
-2.0 2.3 1.2
-2.0 2.1 1.5
-2.0 2.3 1.2
-1.9 1.8 1.9
-2.2 2.4 1.3
-1.9 2.0 1.7
-2.0 2.2 1.5
-2.1 2.3 1.2
-1.8 2.0 1.6
-2.2 2.1 0.8
-1.8 2.2 1.3
-1.9 2.0 1.6
-2.0 2.2 1.4
-1.7 2.3 1.6
-1.7 2.2 1.2
-1.6 2.1 1.1
-1.8 1.9 1.2
-2.0 2.1 1.2
-2.1 1.8 1.4
-2.0 2.2 1.0
-1.5 2.1 1.1
-2.1 1.9 1.2
-1.7 2.0 1.4
-1.8 1.7 1.5
-2.0 2.4 1.0
-1.6 2.2 1.0
-1.9 1.8 1.0
-1.5 2.3 1.0
-1.9 2.1 1.8
-2.2 1.8 0.9
-2.1 2.2 1.5
-2.1 1.8 1.3
-1.6 2.2 1.1
-1.7 1.8 1.4
-1.9 2.2 1.2
-1.6 2.0 1.2
-2.0 2.1 1.2
-1.7 2.0 1.1
-1.5 1.7 1.4
-1.9 1.9 1.1
-1.0 2.1 1.3
-2.1 1.6 1.3
-1.6 1.9 1.3
-1.5 1.9 1.2
-1.7 2.1 1.2
-1.9 1.9 1.2
-1.6 1.9 0.8
-1.2 1.7 0.8
-1.5 1.5 1.2
-1.8 2.1 1.1
-1.6 2.0 1.0
-1.5 1.6 1.3
-1.6 2.3 0.6
-1.9 1.5 1.6
-1.9 2.1 0.7
-1.3 2.2 0.8
-1.7 1.5 1.0
-1.4 1.9 1.2
-1.5 1.6 1.4
-1.6 1.7 1.2
-1.5 2.0 1.0
-1.8 1.6 0.9
-1.6 1.8 1.1
-1.9 1.8 1.5
-1.3 1.7 1.1
-1.6 1.9 1.2
-1.7 1.5 1.1
-1.4 2.0 1.3
-1.5 1.7 1.3
-1.7 1.7 1.0
-1.3 1.9 0.9
-1.1 1.3 0.9
-1.8 2.0 0.9
-1.3 1.3 1.1
-2.0 1.8 0.9
-1.2 2.0 0.8
-1.6 1.3 0.9
-1.3 1.9 0.7
-1.3 1.4 1.2
-1.5 1.9 1.1
-1.2 2.0 1.1
-1.4 1.6 1.0
-1.4 1.6 1.0
-1.4 1.4 0.9
-1.8 1.7 0.9
-1.1 1.5 0.9
-1.6 1.6 1.1
-1.4 1.7 0.9
-1.2 1.4 1.0
-1.4 1.6 0.8
-1.1 1.4 1.4
-1.3 1.21.1
-256.0 537.5 153.6
-358.4 383.9 332.8
0.0 409.5 230.4 
-332.8 409.5 256.0
-332.8 2508.7 7.1 
710.4 1.9 0.8
-1.2 1.9 1.1
-1.2 1.1  0.8 
-1.2 1.4 0.8
-1.5 1.4 0.9
-1.5 1.7 0.4 
-1.0 1.5 0.8
-1.8 1.5 1.1 
-1.6 1.6 0.7
-1.6 1.4 1.0
-1.4 1.6  0.8 
-0.7 1.6 1.2
-1.1 1.4 0.8
-1.0 1.3 0.7 
-1.4 1.3 0.8
-1.5 1.6 0.8 
-0.8 1.7 0.6
-1.3 1.7 1.2
-1.5 1.4  1.1 
-1.3 1.4 0.8
-1.3 1.6 0.9
-0.8 1.5 1.3 
-1.1 1.4 1.2
-1.0 1.6 0.6 
-1.2 1.2 1.0
-1.6 1.3 0.7
-1.2 1.2  1.1 
-1.2 1.2 0.9
-1.4 1.5 0.6
-1.2 1.2 1.1 
-1.0 1.5 0.8
-0.8 1.7 0.7 
-1.2 1.0 0.7
-1.0 1.3 0.7
-0.9 1.6  1.1 
-1.3 1.2 0.6
-1.1 1.5 0.9
-1.3 1.1 0.6 
-1.1 1.5 0.6
-1.1 0.7 0.9 
-1.2 1.3 0.5
-1.1 1.6 1.0
-1.1 1.3  0.9 
-1.1 1.4 0.5
-1.5 1.0 0.9
-0.9 1.5 0.8 
-0.9 1.2 0.9
-1.4 1.1 1.2 
-1.5 1.1 1.0
-1.1 1.1 0.9
-1.2 1.4  0.5 
-0.9 1.7 0.8
-1.1 1.6 0.8
-1.1 1.2 0.5 
-0.7 1.3 1.1
-1.2 1.4 0.8 
-0.9 1.4 0.7
-1.3 1.0 0.6
-0.8 1.1  0.5 
-0.9 1.0 0.7
-1.2 1.2 0.5
-1.1 1.2 1.1 
-0.8 0.8 0.5
-0.9 1.2 0.3 
-0.8 1.2 0.8
-1.2 1.4 0.3
-0.7 1.2  0.8 
-0.8 1.3 0.9
-1.0 1.4 0.6
-0.9 0.9 0.7 
-1.2 1.0 0.5
-0.9 1.1 0.9 
-1.2 1.2 0.8
-0.9 1.4 0.6
-1.2 0.9  0.7 
-1.1 1.3 0.5
-0.6 1.2 0.9
-1.1 1.2 0.6 
-1.1 1.4 0.4
-1.3 1.1 0.7 
-1.2 1.0 0.7
-0.7 1.2 1.1
-1.4 1.0  0.9 
-0.9 1.3 0.6
-0.7 1.1 0.9
-0.9 1.3 0.4 
-0.7 1.2 0.9
-0.9 0.8 0.4 
-0.9 1.2 0.4
-0.8 1.2 1.1
-1.1 1.2  0.7 
-0.9 1.2 0.4
-1.1 0.9 0.6
-0.9 1.0 0.6 
-1.2 1.1 0.7
-1.0 1.3 0.7 
-1.0 1.2 0.7
-0.9 1.2 0.5
-0.9 1.2  0.3 
-0.8 0.9 0.8
-0.8 1.1 0.4
-0.7 1.1 0.8 
-1.2 1.2 0.8
-0.9 1.0 0.2 
-0.8 1.0 0.9
-1.0 1.2 0.4
-0.8 1.2  1.0 
-1.1 0.8 0.4
-0.7 1.3 0.3
-0.9 0.8 0.9 
-0.6 0.9 0.4
-0.6 1.1 0.7 
-1.1 1.0 0.6
-0.9 1.0 0.7
-1.3 0.6  0.9 
-0.8 0.6 0.5
-0.4 1.0 0.5
-1.2 0.7 0.7 
-1.0 1.2 0.4
-0.6 0.9 0.7 
-1.0 1.0 0.3
-0.7 0.8 0.7
-1.0 0.7  0.4 
-0.8 1.4 0.3
-1.0 0.9 0.8
-1.1 1.0 0.3 
-1.1 1.2 0.6
-1.1 0.6 0.7 
-0.8 1.0 0.6
-0.9 0.9 0.9
-0.9 0.8  0.8 
-0.9 1.1 0.4
-0.9 1.0 0.7
-0.8 1.1 0.7 
-0.6 0.7 0.7
-1.0 0.9 0.5 
-0.4 1.0 0.3
-1.0 0.8 0.5
-0.7 1.3  0.4 
-0.7 1.2 0.9
-0.9 1.1 0.3
-0.8 0.8 0.6 
-179.2 332.7 76.8
-128.0 281.5 153.6
-204.8 255.9 179.2
-153.6 -3225.7 9.4
710.4 0.9 0.5
-0.3 0.5 0.7
-0.9 1.0 0.5
-0.7 0.8 0.3
-1.0 0.6 0.5
-0.4 0.7 0.3
-0.6 0.7 0.9
-0.6 0.9 0.2
-0.5 0.9 0.1
-0.6 0.5 0.5
-0.6 1.0 0.4
-1.1 0.8 0.8
-1.0 1.0 0.2
-0.5 0.9 0.6
-0.5 0.6 0.6
-0.7 1.0 0.3
-0.6 1.1 0.6
-0.8 0.8 0.2
-0.7 0.8 0.2
-0.7 0.5 0.2
-0.5 1.0 0.2
-0.6 0.7 1.3
-0.5 1.0 0.4
-0.5 0.7 0.4
-0.5 0.6 0.3
-0.6 0.6 0.4
-0.6 0.4 0.5
-1.0 1.1 0.1
-0.5 0.9 0.7
-0.5 0.0 0.8
-0.5 1.0 0.3
-0.5 1.1 0.6
-1.0 0.8 0.2
-0.8 0.9 0.1
-0.8 0.5 0.9
-0.8 0.9 0.5
-0.2 0.9 0.7
-0.7 0.8 0.5
-0.7 0.8 0.7
-1.1 0.7 0.5
-0.5 0.9 0.4
-0.8 0.3 0.8
-1.0 1.1 0.2
-0.7 0.6 0.6
-0.4 0.5 0.7
-0.7 0.4 0.1
-0.4 0.9 0.5
-0.9 0.9 0.3
-0.5 0.7 0.3
-0.6 0.8 0.3
-0.5 1.1 0.2
-1.1 0.5 0.9
-0.6 0.9 0.2
-0.6 0.9 0.3
-0.6 0.5 0.5
-0.2 1.0 0.5
-0.8 0.6 0.9
-0.9 0.8 0.4
-0.4 1.0 0.1
-0.6 0.6 0.4
-0.6 0.7 0.2
-0.5 0.7 0.6
-0.7 0.7 0.1
-0.4 0.5 0.2
-0.6 0.7 0.6
-0.7 1.0 0.1
-0.3 0.7 0.5
-0.6 0.7 0.4
-0.5 0.4 0.3
-1.0 0.4 0.5
-0.5 1.2 0.2
-0.3 0.3 0.5
-0.9 0.6 -0.2
-0.2 0.9 0.3
-0.8 1.0 0.3
-0.6 0.7 0.2
-0.7 0.5 0.8
-0.6 0.4 0.4
-0.1 0.7 0.6
-0.6 0.2 0.5
-0.5 0.6 0.3
-0.8 0.4 0.9
-0.7 0.7 0.4
-0.2 0.6 0.5
-0.7 0.3 0.4
-0.3 0.8 0.3
-0.6 0.3 0.2
-0.9 0.8 0.1
-0.5 0.4 0.5
-0.7 0.9 0.2
-0.4 0.6 0.2
-0.8 0.3 0.4
-0.7 0.5 0.2
-0.2 0.8 0.3
-0.6 0.4 0.4
-0.5 0.6 0.3
-0.6 0.2 0.9
-0.4 0.6 0.4
-0.3 0.6 0.7
-0.5 0.7 0.3
-0.5 1.1 0.1
-0.4 0.4 0.7
-0.3 0.4 0.0
-0.5 0.7 0.6
-0.7 0.4 0.3
-0.5 0.8 0.3
-0.1 0.1 0.3
-0.7 0.5 0.0
-0.1 0.8 0.3
-0.3 0.6 0.4
-0.4 0.4 0.3
-0.6 0.2 0.7
-0.5 0.7 0.3
0.0 0.6 0.3
-0.8 0.2 0.6
-0.6 0.6 0.2
-0.3 0.6 0.5
-0.2 1.1 0.3
-0.4 0.8 0.6
-0.7 0.6 0.2
-0.4 0.7 0.3
-0.6 0.7 0.4
-0.2 0.9 0.3
-0.4 0.7 0.2
-0.5 0.3 0.6
-0.7 0.5 0.0
-0.3 0.5 0.5
-0.6 0.7 0.2
-0.2 0.3 0.0
-0.3 0.4 0.3
-0.5 0.5 0.4
0.0 0.5 0.4
-0.6 0.6 0.3
-0.2 0.6 0.1
-0.4 0.1 0.4
-0.5 0.9 0.2
-0.5 0.5 0.4
-0.6 0.8 0.1
-0.2 0.3 0.2
-0.8 0.0 0.0
-0.2 0.5 0.3
-0.6 0.40.6
-76.8 153.5 0.0
-51.2 102.3 128.0
0.0 127.9 51.2 
0.0 -2841.6 11.7
710.4 0.2 0.2 
-0.2 0.2 0.6
-0.5 0.7 -0.2
-0.7 0.0  0.5 
-0.7 0.4 0.1
-0.4 0.3 0.3
-0.4 0.2 0.2 
-0.2 0.7 0.3
-0.4 0.3 0.6 
-0.6 0.4 0.2
-0.7 0.4 0.2
-0.7 0.6  0.0 
-0.6 0.4 -0.1
-0.6 0.2 0.4
-0.9 0.6 0.0 
-0.1 0.3 0.4
-0.3 0.3 0.2 
-0.4 0.9 0.0
-0.2 0.5 1.1
-0.3 0.5  0.4 
-0.3 0.3 0.0
-0.3 0.3 0.3
-0.5 0.4 0.2 
-0.4 0.4 0.2
-0.4 0.6 0.1 
-0.2 0.3 0.5
-0.2 0.0 0.4
-0.3 0.4  0.6 
-0.3 0.1 0.7
-0.5 0.7 0.1
-0.1 0.6 0.1 
-0.2 0.2 0.2
-0.8 0.5 0.1 
-0.5 0.4 0.5
-0.6 0.5 0.4
-0.2 0.4  0.4 
-0.4 0.4 0.3
-0.2 0.4 0.1
-0.7 0.1 0.5 
-0.2 0.5 -0.1
-0.5 0.2 0.0 
-0.3 0.1 0.3
-0.3 0.3 0.2
-0.5 0.3  0.4 
-0.4 0.8 0.3
-0.1 0.6 0.0
-0.2 0.5 0.4 
0.0 0.5 0.2
-0.1 0.5 0.6 
-0.5 0.4 0.4
0.0 0.1 0.6
-0.6 0.1  0.6 
-0.2 0.3 0.2
-0.1 0.1 0.3
-0.5 0.5 0.2 
0.1 0.3 0.4
-0.4 0.5 0.2 
-0.3 0.6 0.2
-0.3 0.3 0.0
-0.3 0.6  0.4 
-0.4 0.4 0.4
0.1 0.0 0.4
-0.4 0.5 0.2 
0.0 0.2 0.5
-0.1 0.3 0.3 
-0.4 0.5 0.0
-0.3 0.4 0.1
-0.4 0.4  0.2 
-0.4 0.0 0.3
-0.3 0.6 0.5
-0.1 0.2 0.1 
-0.5 0.1 0.1
-0.3 0.6 -0.1 
-0.7 0.5 0.2
-0.5 0.2 0.4
-0.1 0.1  0.7 
-0.5 0.3 0.3
-0.6 0.8 -0.3
-0.3 0.2 0.5 
-0.7 0.3 0.4
-0.4 0.6 0.2 
-0.3 0.2 0.4
-0.1 0.8 0.1
-0.1 0.5  0.0 
-0.3 0.4 -0.1
0.0 0.6 0.1
-0.5 -0.1 0.4 
-0.3 0.6 0.1
-0.3 0.2 0.3 
-0.7 0.4 0.3
0.1 0.3 0.3
-0.7 0.3  0.0 
-0.2 0.8 0.1
-0.4 -0.1 0.3
-0.6 0.2 0.2 
-0.3 0.3 0.7
-0.8 0.2 0.6 
-0.1 0.3 0.2
-0.1 0.3 0.6
-0.1 0.7  0.1 
-0.2 0.5 0.1
0.0 0.5 0.6
-0.4 0.6 -0.1 
-0.5 0.2 0.4
-0.4 0.3 0.3 
-0.2 0.5 0.1
-0.6 0.2 0.0
-0.3 0.5  0.4 
-0.1 0.2 0.3
0.0 0.2 0.0
-0.3 0.5 0.0 
-0.2 0.2 0.4
-0.1 0.4 0.1 
0.1 0.3 0.3
-0.2 0.8 0.2
-0.3 0.4  0.3 
-0.2 0.1 0.4
-0.1 0.6 -0.1
0.1 0.2 0.3 
-0.5 0.3 0.2
-0.3 0.7 -0.1 
-0.5 -0.1 0.5
-0.2 0.3 0.1
0.0 0.1  0.8 
-0.4 0.1 0.2
0.0 0.3 -0.1
0.0 0.3 -0.3 
0.1 0.3 0.5
-0.3 0.1 0.2 
-0.6 0.2 -0.2
-0.3 0.4 0.3
-0.2 0.2  0.1 
-0.1 0.5 0.3
0.2 0.2 0.7
-0.1 0.4 0.3 
0.1 0.3 0.2
-0.2 -0.2 0.0 
0.0 0.4 0.0
-0.3 0.2 0.5
-0.5 0.4  0.0 
-0.1 0.5 0.1
-0.3 0.2 0.5
-0.4 0.4 0.0 
-25.6 25.5 51.2
0.0 102.4 25.6
-51.2 -2406.5 14.0
710.4 0.1 0.5
-0.1 0.4 0.1
0.2 0.2 0.1
-0.4 0.2 0.1
-0.3 0.3 -0.1
-0.2 -0.1 0.1
0.2 0.1 0.0
-0.2 -0.1 -0.1
0.0 -0.2 0.0
-0.1 0.7 -0.1
-0.6 0.1 0.4
-0.1 0.4 0.3
-0.2 0.4 0.5
-0.1 0.0 0.1
-0.1 0.6 0.0
-0.1 0.4 0.4
-0.2 0.4 0.4
-0.1 0.4 0.3
-0.3 0.0 0.1
-0.3 0.2 0.1
-0.2 0.4 0.5
-0.2 -0.1 0.1
0.0 0.3 0.1
0.2 -0.2 0.6
-0.6 0.1 -0.1
-0.3 0.2 0.5
-0.3 0.2 -0.1
-0.2 0.0 0.2
0.0 0.1 0.1
-0.6 0.7 -0.2
-0.5 0.0 0.3
-0.4 0.5 0.0
0.1 0.4 0.2
-0.6 0.5 0.3
-0.1 0.4 0.1
-0.1 0.2 0.4
-0.4 0.3 0.0
0.1 0.0 0.1
-0.2 0.2 0.3
0.1 0.4 0.4
-0.2 0.5 0.3
-0.3 0.2 0.5
-0.3 0.1 0.4
-0.2 0.2 0.4
-0.2 0.2 0.4
-0.4 0.3 0.5
-0.7 0.4 0.0
0.4 0.3 0.0
-0.2 0.1 -0.1
-0.3 0.4 -0.2
-0.1 0.3 0.3
-0.4 0.4 -0.1
0.2 0.3 0.4
-0.2 0.2 0.4
0.0 0.3 -0.2
0.0 0.2 0.3
-0.2 0.5 0.3
-0.2 0.0 0.1
-0.2 0.4 0.1
-0.3 0.2 -0.2
-0.1 -0.1 0.3
-0.5 0.3 0.3
0.0 0.0 0.4
0.0 -0.1 0.1
0.0 0.5 0.0
-0.1 0.3 0.1
-0.2 0.4 -0.2
-0.1 0.2 0.3
-0.5 -0.2 0.0
-0.2 0.2 -0.3
-0.1 -0.2 0.3
-0.3 0.4 -0.1
-0.1 0.4 0.3
-0.1 0.4 0.1
-0.1 0.4 -0.2
-0.1 -0.1 0.5
-0.5 0.2 -0.1
-0.4 0.3 0.1
0.0 -0.1 0.6
-0.4 0.5 0.4
0.1 0.3 0.1
-0.5 0.1 0.5
0.0 0.2 0.2
-0.4 -0.2 0.0
0.0 0.4 0.0
-0.2 0.0 0.4
-0.1 0.2 0.1
0.2 0.0 0.3
-0.2 -0.2 0.2
0.0 0.3 0.2
0.0 0.0 0.3
0.0 0.2 0.0
0.1 0.2 0.4
-0.2 0.2 0.0
-0.2 0.5 0.1
0.2 0.2 0.1
-0.2 0.0 0.0
-0.1 0.2 -0.2
-0.1 -0.1 0.6
-0.1 0.4 -0.1
0.1 0.2 0.3
-0.2 0.5 0.0
-0.1 0.2 -0.1
-0.3 0.0 0.0
-0.2 0.3 -0.2
-0.4 0.2 0.3
-0.6 0.0 -0.2
-0.1 0.5 -0.2
-0.2 -0.1 0.2
0.0 0.4 0.0
-0.1 -0.1 0.1
-0.2 0.4 0.3
0.0 0.1 0.0
-0.1 0.0 -0.1
-0.3 0.1 0.0
0.1 0.1 0.3
-0.3 0.5 -0.3
0.1 0.4 0.1
-0.1 0.1 0.1
0.2 0.4 -0.2
-0.1 0.3 0.2
-0.3 0.0 0.1
0.2 0.1 -0.1
-0.3 0.1 0.4
0.1 0.3 0.1
-0.3 0.2 0.1
-0.4 0.4 0.1
-0.3 0.0 0.3
-0.3 0.3 0.1
-0.1 0.2 0.0
-0.1 0.1 -0.1
-0.2 0.1 0.2
-0.3 0.4 0.3
-0.3 0.0 0.0
-0.1 0.5 0.0
-0.1 -0.1 0.5
-0.5 0.3 0.2
-0.1 0.3 0.3
0.1 0.3 -0.2
0.0 0.5 0.2
0.1 0.3 0.3
-0.4 0.3 0.3
-0.1 0.20.2
-76.8 76.7 -51.2
-0.1 127.9 51.2
0.0 -1587.3 16.3 
710.4 -0.2 0.0
-0.5 0.4 -0.1 
0.0 -0.2 -0.1
-0.3 0.1 0.0
0.0 0.0  -0.2 
-0.3 -0.1 -0.2
0.0 0.1 0.0
-0.1 -0.1 0.2 
-0.6 -0.1 -0.3
0.1 0.3 -0.1 
-0.3 0.0 -0.1
0.0 0.4 0.0
0.1 0.1  0.1 
-0.3 0.3 -0.2
-0.2 0.4 -0.1
-0.5 0.2 -0.1 
0.1 0.2 0.2
-0.2 0.0 0.2 
-0.5 0.2 0.0
-0.3 0.4 0.1
-0.6 -0.2  0.1 
-0.2 0.5 -0.1
-0.5 0.2 0.2
-0.4 0.2 0.3 
-0.1 0.5 -0.1
-0.1 0.0 0.0 
0.1 0.2 0.0
-0.2 0.3 0.9
-0.2 0.3  0.4 
0.1 -0.1 0.2
0.1 -0.1 0.0
0.1 0.0 0.2 
-0.1 0.1 0.3
-0.3 0.3 -0.3 
-0.1 -0.1 0.2
0.1 0.1 0.2
-0.1 0.1  0.2 
0.0 0.1 0.2
-0.3 0.3 0.0
0.1 0.4 0.0 
-0.1 -0.1 0.0
0.2 0.3 -0.4 
-0.2 0.2 0.1
-0.2 0.4 0.3
-0.2 0.3  0.2 
-0.1 0.3 0.0
0.0 0.6 0.0
-0.1 0.0 0.4 
-0.3 0.3 0.0
0.1 0.4 0.4 
-0.2 0.3 0.0
-0.2 0.2 -0.3
0.3 0.1  0.4 
0.0 0.2 0.2
0.1 0.3 0.0
-0.6 0.3 0.1 
-0.1 0.0 -0.3
-0.3 -0.1 0.5 
-0.4 0.1 0.0
0.1 -0.1 0.2
-0.3 0.2  -0.2 
0.0 0.3 0.1
-0.3 -0.3 0.1
-0.3 -0.1 0.3 
0.0 -0.2 0.0
-0.3 0.1 -0.1 
0.1 0.2 0.2
-0.1 0.3 0.6
-0.4 -0.1  0.4 
0.0 0.0 0.0
-0.3 -0.3 0.2
-0.2 0.3 0.0 
-0.3 0.0 0.0
-0.2 -0.1 -0.1 
0.0 0.3 -0.2
0.0 -0.3 0.2
-0.2 0.2  0.2 
-0.1 -0.3 0.2
-0.1 0.2 0.3
-0.1 0.0 -0.1 
-0.1 0.1 0.1
-0.1 0.4 0.1 
0.1 -0.1 0.1
0.0 0.3 0.1
0.3 0.1  0.3 
-0.3 -0.3 0.0
-0.2 0.3 0.0
-0.2 0.3 0.3 
-0.2 0.1 -0.4
0.2 0.2 0.2 
-0.3 -0.2 0.0
0.4 0.2 -0.1
-0.3 -0.6  0.3 
-0.3 0.2 0.0
-0.1 0.2 0.2
-0.2 -0.1 0.3 
-0.3 0.2 -0.1
-0.2 -0.1 0.2 
-0.3 0.2 0.3
0.4 -0.1 0.2
-0.1 -0.1  0.0 
-0.3 0.2 -0.3
0.0 0.0 0.6
0.0 0.4 0.1 
-0.1 0.3 0.2
-0.1 0.2 0.0 
-0.4 0.2 0.1
-0.2 0.0 0.2
-0.1 0.2  0.4 
0.2 0.2 0.4
-0.3 0.2 -0.2
-0.2 0.1 -0.1 
0.2 0.2 0.1
-0.1 0.1 -0.2 
0.2 0.1 -0.3
-0.1 -0.3 0.5
-0.5 0.4  0.0 
0.2 0.4 0.4
-0.8 0.4 0.2
-0.1 0.3 0.4 
-0.1 -0.1 0.0
-0.3 0.3 -0.1 
0.2 0.4 0.6
-0.1 0.4 0.1
0.2 0.2  0.1 
-0.2 0.0 0.0
0.3 0.4 -0.2
0.0 0.1 0.6 
-0.2 0.1 0.0
0.1 -0.1 -0.1 
-0.3 0.2 0.4
0.3 0.4 0.0
-0.3 -0.4  0.3 
-0.2 0.3 -0.1
0.3 0.3 0.0
0.1 -0.2 0.2 
0.1 0.2 0.1
-0.4 -0.1 0.2 
-0.3 0.1 0.1
0.3 0.2 0.2
-0.1 0.1  0.0 
-0.1 0.2 0.3
-0.2 0.0 0.3
-0.2 0.3 0.0 
51.1 0.0 -25.6
25.5 -1203.2 18.6
710.4 0.1 -0.1
0.6 0.0 0.6
0.1 -0.2 0.0
-0.5 0.1 -0.1
-0.3 -0.2 -0.1
0.0 0.1 0.0
0.4 0.1 0.0
-0.5 0.0 -0.1
0.1 0.2 0.0
0.2 -0.3 0.0
-0.2 -0.1 -0.1
0.1 0.1 0.2
0.0 -0.2 0.2
0.1 0.4 -0.2
0.1 -0.1 -0.1
-0.4 0.0 0.0
0.1 -0.1 0.1
-0.4 -0.1 0.2
-0.2 0.3 0.0
-0.1 0.0 0.1
-0.1 0.0 0.4
0.0 0.4 0.2
-0.2 0.1 0.1
0.2 0.2 -0.2
0.0 -0.5 0.4
-0.2 0.1 -0.1
0.1 -0.1 0.3
0.0 -0.2 -0.1
-0.1 0.1 -0.1
0.0 0.0 0.3
0.0 0.0 0.2
-0.1 0.1 0.0
0.1 -0.3 0.1
-0.1 0.2 -0.2
0.2 -0.3 0.2
0.2 0.1 -0.2
0.3 0.1 0.2
0.1 -0.3 0.4
-0.1 0.0 0.1
0.2 -0.1 0.3
-0.1 0.1 -0.2
0.1 0.4 0.2
-0.2 0.0 0.0
0.3 0.4 0.2
0.2 0.3 0.2
0.0 -0.1 0.2
0.0 -0.1 0.0
0.0 -0.2 0.2
0.4 0.0 -0.2
-0.1 0.3 0.6
-0.1 -0.1 0.2
-0.1 0.1 -0.2
0.1 0.0 -0.1
-0.1 0.4 -0.1
0.0 0.1 0.2
-0.2 0.2 0.1
0.0 0.1 0.3
0.2 -0.3 0.2
-0.1 0.5 -0.1
0.0 -0.2 0.1
-0.3 -0.1 -0.1
0.1 0.1 -0.2
0.3 -0.3 0.3
0.0 0.3 -0.2
-0.1 0.0 -0.1
-0.1 0.3 0.1
0.1 0.0 -0.1
-0.4 0.1 -0.2
0.0 0.1 -0.4
0.3 0.2 0.2
-0.2 0.3 0.1
0.2 0.1 -0.2
0.0 -0.2 -0.1
-0.3 0.3 -0.2
0.1 -0.1 0.3
-0.5 0.2 -0.2
0.1 0.1 0.3
-0.3 -0.2 0.0
0.0 0.1 0.5
0.1 0.1 0.2
-0.1 0.4 -0.1
0.1 0.4 -0.1
0.0 -0.1 -0.2
-0.1 0.6 0.1
-0.2 0.1 0.0
-0.1 -0.2 -0.2
0.0 0.1 -0.1
-0.1 0.1 -0.1
-0.1 0.2 -0.2
-0.2 -0.2 0.0
-0.1 0.2 -0.3
0.3 0.3 -0.2
0.3 0.1 0.1
0.2 0.4 -0.1
0.0 0.1 0.2
0.0 0.0 -0.1
0.1 0.1 -0.1
-0.2 -0.2 -0.1
0.1 0.3 -0.2
-0.2 -0.1 0.4
-0.1 -0.1 -0.3
0.2 0.1 -0.1
-0.1 0.0 0.1
0.0 0.4 0.1
0.0 0.1 0.3
-0.2 0.0 -0.2
0.2 0.1 -0.2
-0.1 -0.1 0.2
-0.4 0.2 0.1
-0.1 -0.2 -0.1
-0.3 0.1 0.1
0.3 0.0 0.1
-0.1 -0.2 -0.1
0.1 0.5 -0.2
0.0 0.2 0.1
0.0 0.1 -0.2
0.0 0.1 0.1
0.2 0.0 -0.1
0.2 0.3 0.0
-0.1 -0.1 0.3
-0.3 0.0 -0.1
-0.1 0.1 -0.1
0.2 -0.2 0.1
-0.1 -0.3 -0.1
0.0 0.1 0.2
0.0 -0.1 0.1
0.4 0.2 -0.5
-0.1 -0.1 0.1
0.1 0.2 0.0
0.2 0.1 0.2
0.0 0.2 -0.1
0.0 0.3 -0.1
-0.1 0.0 0.4
0.4 0.5 -0.2
0.1 0.0 0.3
-0.3 0.0 -0.3
0.1 0.2 -0.1
0.0 0.2 -0.2
-0.1 0.1 -0.1
0.1 0.2 0.5
-0.1 0.3 -0.1
0.1 -0.2 -0.1
-0.1 0.1 0.5
-0.4 0.1-0.2
-51.2 51.1 -25.6
-25.7 -358.5 20.9
19.2 -0.1 0.0 
-0.2 0.1 0.5
-0.4 0.0 0.1 
0.4 0.3 0.0
-0.2 0.2 0.1
-0.1 0.3  -0.3 
0.0 -0.3 -0.1
-0.3 0.0 -0.1
0.2 0.1 0.1 
0.0 -0.2 -0.2
-0.1 0.1 -0.3 
0.0 0.0 0.2
-0.3 0.0 -0.2
-0.1 0.5  -0.3 
0.1 -0.3 -0.1
0.3 0.2 -0.3
0.2 -0.1 0.1 
0.2 -0.1 0.1
0.0 0.1 0.1 
-0.2 0.0 -0.1
-0.2 0.2 -0.1
0.3 -0.1  0.3 
-0.4 0.1 0.1
0.2 0.1 0.0
-0.2 -0.2 0.5 
-0.1 0.5 0.0
-0.3 -0.1 0.2 
0.0 -0.1 0.3
0.2 0.3 0.2
-0.3 -0.3  0.2 
-0.3 0.1 0.2
0.3 -0.2 0.5
-0.2 0.1 -0.2 
0.3 0.3 -0.3
0.0 0.0 0.0 
-0.2 -0.3 -0.1
0.0 -0.1 0.2
-0.1 0.2  -0.3 
-0.1 -0.1 0.1
0.0 -0.1 0.1
0.2 0.0 -0.4 
-0.1 0.1 0.3
-0.1 -0.2 0.1 
0.2 0.1 -0.1
0.1 0.1 0.1
0.0 0.3  -0.3 
-0.1 -0.1 0.3
-0.2 -0.2 0.1
0.1 0.0 -0.1 
-0.2 -0.1 0.1
-0.1 0.2 0.0 
-0.2 0.0 0.1
0.0 -0.2 -0.3
0.2 0.2  -0.3 
0.2 -0.3 0.3
-0.2 0.2 -0.3
-0.3 0.0 -0.1 
-0.3 0.3 -0.3
0.2 0.0 0.0 
-0.3 -0.2 0.3
0.0 0.4 -0.1
0.2 -0.1  0.0 
0.0 0.2 -0.3
0.2 0.2 0.2
0.0 0.2 0.1 
-0.1 -0.1 0.0
-0.3 0.0 0.4 
-0.1 0.2 -0.5
0.3 0.4 -0.2
-0.2 0.1  -0.2 
-0.3 0.1 -0.3
0.0 -0.1 0.3
-0.2 -0.2 0.0 
0.4 0.0 -0.2
-0.1 0.0 0.0 
0.0 0.2 -0.1
0.2 0.0 0.3
-0.1 -0.2  0.1 
0.1 0.0 0.2
0.0 -0.1 -0.1
0.0 0.0 0.0 
-0.2 -0.2 -0.1
-0.1 0.2 -0.1 
0.1 -0.3 0.2
-0.2 -0.2 -0.1
0.1 0.1  -0.2 
0.1 0.1 0.3
-0.4 0.3 -0.2
0.2 -0.1 -0.1 
-0.1 0.1 0.1
0.0 0.1 0.1 
0.2 -0.1 0.3
0.2 0.0 -0.1
-0.1 0.1  0.2 
-0.5 0.0 0.2
0.2 0.2 -0.2
0.0 0.0 0.3 
-0.2 0.3 -0.1
0.2 0.3 0.1 
0.1 -0.3 0.2
0.2 0.1 0.1
-0.1 -0.1  0.1 
-0.1 0.3 -0.3
0.2 -0.1 0.0
0.0 0.1 0.1 
0.0 0.0 -0.4
0.3 -0.1 0.2 
0.0 0.3 -0.2
-0.1 -0.2 0.1
-0.1 0.3  -0.1 
-0.1 0.3 -0.3
-0.2 0.0 0.1
0.2 0.2 -0.4 
-0.1 0.0 -0.2
0.0 -0.3 0.3 
0.0 0.3 -0.1
0.0 -0.1 0.0
0.0 0.0  0.0 
0.1 0.3 -0.1
0.1 0.0 0.0
-0.1 0.1 -0.5 
-0.1 0.2 0.0
-0.2 0.0 -0.2 
0.1 -0.1 -0.1
-0.1 0.0 -0.1
0.1 0.4  0.2 
-0.2 -0.2 0.2
-0.3 0.1 0.1
-0.1 -0.3 0.1 
-0.4 0.0 0.0
0.0 0.3 -0.1 
-0.1 -0.2 0.1
0.1 0.4 -0.1
0.0 0.3  -0.1 
-0.4 0.2 0.1
0.0 0.7 -0.1
0.0 -0.1 0.3 
0.2 0.2 -0.1
-0.2 0.1 -0.2 
0.1 0.1 -0.1
-0.1 0.2 -0.3
-0.1 -0.1  0.4 
0.0 0.5 -0.2
0.1 0.3 0.3
-0.1 -0.1 0.1 
-25.7 51.1 23.3
710.4 0.4 0.2
-0.2 0.1 -0.4
-0.3 0.1 -0.3
-0.3 -0.2 -0.1
-0.5 0.2 -0.5
0.4 0.2 -0.3
-0.2 -0.3 0.0
-0.3 0.1 -0.2
0.2 -0.3 -0.1
-0.2 0.1 -0.1
-0.1 -0.1 -0.2
-0.1 0.2 0.1
-0.2 0.0 -0.1
0.2 -0.1 0.2
-0.3 0.4 -0.2
0.1 -0.1 -0.4
0.0 0.0 -0.3
0.2 0.3 -0.3
0.0 -0.2 -0.1
0.2 -0.1 -0.3
0.1 0.1 0.0
-0.2 -0.3 0.1
0.0 0.5 -0.5
0.1 0.1 0.5
0.0 0.1 -0.1
0.2 0.0 0.1
-0.4 -0.2 0.0
0.1 0.4 -0.4
0.0 0.5 0.1
-0.1 0.1 0.1
0.3 0.4 0.0
-0.4 -0.2 -0.1
0.2 0.3 0.1
0.0 0.2 0.1
-0.3 0.1 0.0
-0.1 0.2 0.2
-0.2 -0.1 0.1
0.1 0.5 -0.2
0.0 0.2 0.1
-0.2 0.5 -0.3
0.3 0.3 0.2
-0.4 -0.5 -0.1
0.1 0.0 0.3
0.1 0.1 -0.1
0.0 0.2 -0.2
0.0 -0.1 0.2
-0.4 0.1 0.1
0.3 0.4 -0.2
0.0 -0.2 0.3
-0.1 0.1 0.0
0.2 0.0 -0.2
-0.2 0.0 0.0
0.1 0.3 -0.2
-0.1 0.0 0.1
0.1 0.2 -0.1
0.0 -0.1 0.2
0.1 -0.1 0.1
0.1 0.3 0.0
-0.2 0.1 -0.1
0.1 0.4 -0.3
0.0 0.2 0.1
-0.3 -0.1 0.1
0.2 0.3 -0.2
0.2 0.1 0.1
-0.4 0.3 0.2
0.2 0.1 0.3
-0.2 -0.1 0.2
0.0 0.4 -0.1
-0.1 -0.1 0.2
0.0 0.1 0.1
0.3 0.0 -0.1
-0.4 0.1 -0.4
0.0 -0.1 -0.3
0.1 -0.3 0.1
-0.5 0.3 0.2
0.3 -0.1 0.0
0.2 -0.3 0.0
-0.1 0.2 0.2
0.2 -0.2 0.2
-0.3 -0.2 -0.1
0.0 -0.3 -0.1
-0.3 0.1 0.1
-0.3 0.8 0.1
0.2 0.1 0.1
-0.1 0.1 -0.2
0.3 0.0 0.2
-0.4 0.0 -0.1
0.0 0.0 -0.2
-0.1 0.0 0.3
-0.1 0.0 0.1
0.1 0.1 -0.1
-0.2 -0.3 0.1
-0.3 0.2 -0.2
0.1 0.1 0.1
-0.2 -0.1 -0.1
0.3 -0.2 0.1
-0.2 -0.1 -0.1
0.0 0.3 0.0
0.0 0.1 -0.3
0.0 0.0 -0.2
0.1 0.1 0.2
-0.2 0.0 0.2
-0.3 -0.1 -0.5
0.0 -0.2 0.2
-0.4 0.0 -0.3
0.1 -0.1 0.0
-0.2 0.2 -0.1
-0.2 0.0 0.2
-0.2 -0.2 0.3
-0.3 -0.1 0.0
0.3 0.1 -0.2
0.2 -0.3 0.1
-0.4 -0.1 0.1
0.1 -0.3 0.5
-0.1 0.4 0.0
0.1 0.3 0.1
-0.4 0.0 -0.1
0.2 0.5 0.0
0.0 0.2 0.1
-0.1 0.1 0.3
0.3 -0.2 0.0
-0.2 0.1 0.1
0.2 0.3 0.1
0.0 -0.2 0.2
0.1 -0.2 -0.4
-0.2 0.1 -0.2
0.1 -0.4 -0.1
0.1 0.4 -0.1
0.0 -0.2 0.3
-0.1 0.2 -0.2
0.1 -0.1 -0.1
0.0 -0.3 0.0
0.1 0.0 -0.4
0.0 -0.1 0.4
-0.2 -0.3 0.0
-0.1 0.4 0.2
0.1 -0.2 0.0
0.4 -0.2 0.2
-0.2 -0.1 -0.1
0.0 -0.2 0.0
0.0 0.0 0.4
0.0 -0.2 0.3
-0.5 0.0 0.2
-0.1 0.0 0.3
-0.3 0.10.0
-0.1 460.7 25.6
710.4 0.0 0.0
0.2 0.0 -0.4 
0.4 0.0 0.2
0.2 -0.2 -0.2 
-0.1 0.0 -0.4
0.1 -0.3 -0.2
-0.4 -0.3  0.0 
0.2 0.0 0.2
-0.5 -0.5 -0.1
0.2 0.0 -0.3 
-0.2 -0.3 0.2
-0.2 -0.1 -0.3 
0.0 0.4 -0.3
0.2 -0.3 -0.3
0.1 0.2  -0.1 
-0.4 0.0 0.5
-0.2 0.0 -0.3
0.2 0.0 0.2 
-0.3 0.0 0.3
-0.2 0.4 0.0 
0.1 -0.1 0.2
-0.2 -0.1 0.1
0.3 0.1  0.2 
-0.1 -0.4 0.0
0.0 0.1 0.3
0.1 -0.1 0.3 
-0.1 -0.1 -0.4
0.0 0.2 -0.1 
-0.4 -0.5 0.2
0.1 0.3 -0.1
0.0 0.0  0.1 
-0.2 -0.2 -0.2
0.2 0.1 0.3
0.0 0.0 0.1 
-0.2 0.0 0.0
0.0 0.2 0.3 
-0.4 -0.2 0.2
0.2 0.1 -0.2
-0.2 -0.1  0.0 
0.1 0.0 0.2
-0.1 -0.3 0.3
-0.2 0.0 0.0 
0.0 -0.1 -0.1
0.1 0.0 0.4 
-0.1 0.0 -0.2
0.0 0.0 0.5
0.1 0.0  -0.1 
0.2 0.1 0.4
0.1 0.1 -0.1
0.0 0.2 -0.4 
-0.1 0.0 0.1
-0.3 0.0 -0.1 
0.2 0.2 0.1
-0.1 -0.3 0.3
0.1 0.1  -0.1 
0.2 0.0 0.1
0.0 0.1 0.1
0.1 0.0 0.1 
-0.1 -0.1 -0.4
0.1 0.2 0.1 
0.0 -0.2 0.6
-0.2 0.5 0.1
0.2 -0.4  -0.1 
-0.3 -0.5 0.2
-0.1 0.3 -0.4
-0.1 -0.1 0.1 
-0.2 -0.2 0.2
0.1 0.3 0.0 
-0.2 -0.2 0.1
-0.1 0.1 -0.2
-0.2 -0.1  0.0 
-0.4 0.1 0.1
0.2 0.0 0.0
-0.1 -0.3 0.1 
0.2 0.1 -0.1
0.4 -0.3 0.1 
-0.2 -0.2 -0.2
0.3 0.0 -0.2
-0.1 -0.3  -0.2 
-0.3 0.2 -0.4
0.1 -0.3 0.4
-0.1 -0.2 0.2 
0.4 0.0 0.2
-0.1 0.1 0.2 
-0.1 0.0 -0.2
0.0 -0.2 0.1
-0.1 0.1  -0.3 
0.1 0.3 0.1
-0.3 -0.1 0.2
0.3 0.1 -0.2 
-0.1 -0.1 0.3
-0.1 0.3 0.1 
0.5 0.1 0.1
0.0 -0.3 0.1
-0.1 0.2  -0.3 
-0.1 -0.4 0.1
-0.2 0.1 -0.1
0.0 -0.2 0.1 
-0.2 -0.1 0.4
0.1 -0.2 -0.5 
-0.1 -0.1 0.3
-0.1 -0.3 -0.2
0.2 -0.2  0.2 
-0.4 -0.2 -0.3
0.1 0.0 -0.4
-0.1 -0.1 0.1 
0.2 0.3 -0.2
0.1 0.0 0.1 
-0.4 -0.4 0.2
0.0 0.0 0.0
-0.3 -0.2  0.2 
0.0 0.2 -0.2
0.3 0.2 0.1
0.0 -0.3 0.0 
0.2 0.1 0.2
-0.2 -0.1 0.0 
-0.2 0.1 0.3
0.4 -0.2 0.1
-0.2 -0.3  0.2 
0.1 -0.2 -0.3
0.2 -0.2 0.1
0.2 0.0 0.2 
0.1 0.3 -0.1
-0.2 -0.2 0.1 
0.3 -0.1 0.0
0.1 -0.4 0.2
-0.2 0.0  -0.2 
0.2 -0.1 0.0
-0.3 -0.4 -0.2
-0.1 0.4 -0.1 
0.3 -0.2 0.2
0.0 0.1 -0.2 
0.1 -0.2 0.2
-0.2 -0.2 0.2
0.0 0.5  -0.2 
0.1 -0.2 0.0
-0.3 -0.1 -0.2
0.1 0.1 0.1 
-0.2 -0.2 0.1
-0.2 0.2 -0.3 
0.1 -0.2 0.1
-0.2 -0.3 0.0
0.2 0.1  0.1 
-0.2 0.1 -0.1
0.2 -0.1 0.0
-0.2 0.1 0.1 
710.4 0.1 0.0
-0.5 0.0 -0.1
0.1 0.0 0.3
-0.5 -0.1 -0.3
0.1 -0.1 -0.1
0.1 0.1 0.1
0.0 0.1 0.1
-0.1 -0.6 0.1
-0.4 -0.2 -0.1
0.1 0.2 -0.3
0.0 0.1 0.1
0.1 -0.3 -0.2
0.3 -0.5 0.0
-0.3 -0.1 -0.2
0.2 0.1 -0.3
-0.2 -0.2 0.2
-0.2 0.2 -0.3
-0.2 -0.2 0.1
0.0 0.2 -0.3
0.2 -0.1 0.0
-0.3 -0.4 0.0
-0.1 0.1 -0.3
0.1 0.1 0.4
0.0 -0.3 -0.2
0.2 0.1 0.5
0.1 0.0 0.3
0.2 -0.1 0.2
0.0 -0.1 0.3
-0.3 0.2 -0.3
0.0 0.2 0.0
0.0 -0.1 0.0
0.2 0.0 0.3
0.4 -0.2 0.0
-0.2 0.0 -0.1
0.5 0.1 -0.1
-0.3 -0.1 0.0
-0.1 0.4 0.0
-0.1 -0.2 0.7
-0.2 -0.1 -0.1
0.2 -0.2 -0.3
-0.6 0.1 0.0
0.3 0.2 -0.1
0.1 -0.5 0.6
-0.1 0.1 -0.1
-0.1 0.0 0.0
-0.1 -0.3 0.2
0.3 0.2 -0.1
0.2 0.0 0.2
-0.2 -0.2 0.3
0.0 0.4 -0.3
-0.2 0.0 -0.1
0.1 0.2 -0.1
0.1 -0.1 0.3
-0.1 0.0 0.0
0.0 0.0 0.2
0.0 -0.2 0.3
-0.1 -0.3 0.2
0.1 -0.1 0.0
-0.2 0.0 -0.3
0.2 0.2 -0.2
-0.2 0.0 0.0
0.4 0.1 -0.1
0.1 0.0 0.2
-0.1 0.1 -0.8
0.2 0.1 0.0
-0.2 0.0 0.1
0.0 -0.1 -0.1
-0.1 -0.1 0.2
-0.2 0.4 -0.1
-0.3 -0.2 0.1
0.0 -0.1 0.1
0.0 0.3 0.0
-0.1 -0.3 -0.1
-0.1 -0.1 0.1
0.2 0.2 0.1
0.0 0.0 -0.2
0.3 0.4 0.2
0.2 -0.4 0.2
-0.2 -0.2 -0.2
0.3 -0.2 0.2
-0.2 -0.2 0.0
0.0 0.1 0.0
0.0 -0.2 0.2
0.0 0.0 0.0
0.1 -0.2 0.3
-0.2 -0.2 0.2
0.2 0.2 0.1
-0.2 -0.2 0.3
-0.1 0.0 0.0
0.4 0.0 0.1
-0.3 -0.4 -0.1
0.1 0.2 -0.1
0.3 -0.2 0.3
-0.1 0.4 -0.5
0.4 0.0 0.4
-0.2 -0.5 0.1
-0.2 0.1 -0.4
0.0 -0.2 0.2
-0.1 -0.2 -0.1
0.2 0.3 0.1
-0.2 -0.3 0.1
0.0 0.2 0.0
-0.2 -0.1 0.4
0.1 -0.3 0.1
0.3 -0.3 0.1
-0.7 -0.1 0.3
0.1 -0.1 -0.1
0.2 0.0 0.1
-0.1 0.1 -0.4
0.0 0.0 0.1
0.2 -0.3 0.2
-0.1 -0.1 0.1
0.0 0.0 0.2
-0.5 0.2 -0.6
0.3 0.0 0.0
0.2 0.0 0.2
0.2 0.2 0.0
-0.2 0.1 0.3
-0.1 0.0 0.2
0.2 0.2 0.3
-0.3 0.3 -0.1
-0.1 -0.1 0.1
0.2 0.0 0.2
-0.4 0.5 -0.7
0.5 -0.2 -0.3
0.0 -0.5 0.2
-0.1 0.2 -0.4
0.1 -0.2 0.1
-0.5 -0.1 -0.1
0.7 -0.1 -0.1
-0.1 -0.3 0.0
0.1 0.1 -0.4
-0.2 -0.2 0.3
0.0 0.0 0.0
0.1 0.2 -0.1
-0.1 0.0 -0.2
-0.1 0.1 -0.3
0.0 0.0 0.0
-0.1 0.0 -0.4
0.0 -0.2 0.1
-0.4 -0.2 -0.3
-0.1 0.0 -0.1
0.0 -0.3 0.2
-0.3 0.2 -0.2
0.6 0.0 0.1
-0.2 -0.30.0
710.4 0.1 0.0
-0.2 0.0 0.4
-0.2 -0.3 -0.1 
-0.3 0.2 -0.1
-0.2 0.0 -0.1 
-0.2 0.0 -0.6
-0.3 0.1 -0.5
-0.2 -0.3  -0.2 
0.0 -0.2 -0.1
-0.3 -0.2 -0.1
-0.1 -0.2 0.0 
0.1 -0.1 -0.1
-0.2 0.0 -0.1 
0.2 0.1 -0.1
0.0 -0.2 0.3
-0.2 0.2  0.2 
0.3 -0.2 0.0
-0.1 0.1 0.0
0.2 0.0 -0.2 
0.0 0.0 -0.2
-0.1 -0.1 -0.1 
0.2 0.0 0.0
0.2 -0.4 -0.1
0.2 0.1  -0.4 
-0.1 -0.2 0.2
-0.1 0.0 0.1
0.2 0.2 -0.1 
0.2 -0.3 0.2
0.2 -0.1 0.1 
-0.3 0.1 0.2
-0.3 0.2 -0.1
0.1 0.0  -0.1 
-0.3 -0.3 -0.2
-0.4 0.2 -0.1
0.0 0.0 0.4 
-0.1 -0.1 0.2
0.1 0.2 0.1 
-0.1 0.0 -0.3
-0.1 -0.1 -0.3
0.0 -0.2  0.4 
0.0 -0.1 0.0
0.2 0.0 0.1
-0.3 0.1 0.0 
0.0 0.1 -0.1
0.0 -0.3 0.3 
0.0 -0.4 -0.1
0.2 0.2 0.1
-0.4 -0.1  -0.2 
0.0 0.2 -0.3
-0.1 -0.2 0.1
0.0 0.0 0.0 
0.1 -0.3 0.1
-0.1 -0.2 0.0 
0.2 0.2 -0.1
0.1 -0.1 0.5
-0.2 0.0  0.0 
-0.2 0.0 0.0
-0.2 -0.2 0.2
0.1 0.3 0.0 
-0.1 0.0 -0.2
0.0 0.1 -0.1 
0.2 0.0 0.0
0.3 -0.3 0.5
-0.2 -0.1  -0.3 
0.1 -0.2 0.1
-0.1 -0.2 -0.3
0.1 -0.3 0.1 
0.0 -0.1 -0.2
0.0 0.1 0.0 
-0.1 -0.3 0.5
-0.2 -0.1 -0.1
-0.1 0.1  0.0 
0.0 0.1 0.1
0.0 0.0 0.3
0.0 0.0 0.1 
-0.2 0.2 -0.3
0.2 0.2 0.3 
-0.1 0.0 0.1
0.1 -0.2 0.0
-0.1 -0.4  0.2 
-0.2 0.1 -0.4
0.4 0.2 -0.3
-0.2 -0.1 0.0 
-0.1 0.3 -0.2
0.0 -0.1 0.8 
-0.3 0.0 -0.1
0.1 0.1 0.2
0.0 -0.3  0.3 
-0.4 0.1 -0.1
0.3 -0.2 -0.1
-0.2 0.0 0.0 
0.2 0.1 -0.3
-0.2 -0.5 0.1 
-0.2 0.0 -0.2
0.0 -0.1 -0.3
0.1 -0.2  -0.2 
0.3 0.2 0.1
0.0 0.0 0.0
0.0 -0.3 0.0 
0.0 0.0 0.0
-0.1 0.1 0.2 
0.1 -0.1 -0.3
-0.1 -0.3 -0.1
0.4 0.3  0.2 
-0.2 -0.3 0.0
0.1 -0.3 0.0
0.3 0.1 0.1 
-0.1 -0.1 0.1
0.1 0.3 -0.3 
0.1 -0.3 0.2
-0.5 0.2 -0.3
0.3 0.4  0.0 
0.0 -0.6 0.1
-0.4 0.0 0.1
-0.3 -0.2 0.1 
-0.3 0.0 -0.3
0.2 0.0 0.0 
0.1 0.1 0.0
0.0 0.1 -0.2
-0.4 -0.3  0.2 
-0.5 0.0 -0.6
0.3 0.1 0.3
-0.2 -0.3 0.1 
-0.3 0.3 -0.3
-0.2 0.1 0.3 
0.0 -0.1 -0.2
0.2 -0.2 0.0
-0.1 -0.1  -0.1 
0.0 -0.4 -0.3
0.1 0.1 0.2
-0.2 0.1 0.1 
0.2 -0.4 0.3
-0.1 -0.4 0.0 
-0.1 0.2 -0.1
-0.2 0.2 0.2
-0.2 0.1  -0.1 
0.2 0.0 -0.1
-0.3 -0.2 -0.2
0.1 0.1 0.1 
0.2 -0.1 -0.1
-0.3 -0.2 -0.5 
0.3 0.1 -0.2
-0.2 0.0 -0.2
-0.3 0.4  -0.1 
-0.2 -0.4 0.2
-0.4 0.3 0.1
0.1 0.0 -0.1 
0.4 -0.1 0.3
0.0 -0.1 -0.4
0.3 0.0 -0.2
-0.2 0.0 0.1
0.3 0.1 -0.3
-0.2 -0.1 -0.2
-0.3 -0.3 -0.1
0.2 -0.4 0.1
-0.2 -0.1 0.0
0.2 0.1 0.0
0.0 0.0 -0.3
-0.1 0.0 0.1
0.1 0.1 0.3
-0.3 0.1 0.0
-0.2 0.2 -0.3
0.0 -0.3 0.2
0.0 -0.1 -0.1
0.3 0.0 -0.3
-0.1 -0.1 0.1
0.0 0.5 -0.3
0.4 -0.2 0.2
-0.3 -0.2 0.0
0.1 0.0 0.2
0.0 -0.1 0.2
0.0 0.0 0.2
-0.1 -0.4 0.3
-0.1 0.2 0.2
0.4 0.1 -0.1
0.0 -0.3 0.3
0.1 0.1 -0.2
0.2 -0.3 0.1
-0.4 0.0 -0.3
0.1 0.2 0.0
-0.4 -0.2 -0.2
-0.1 0.2 -0.2
0.0 0.2 0.1
0.2 0.1 0.0
-0.2 0.0 -0.1
0.0 -0.1 -0.1
-0.1 0.0 0.1
-0.2 -0.3 0.3
-0.6 0.0 -0.4
0.3 0.0 -0.1
0.1 0.0 -0.1
0.2 0.3 -0.1
-0.1 0.0 0.2
0.1 0.0 0.1
0.0 -0.2 -0.1
-0.1 -0.1 -0.1
-0.2 0.1 0.0
0.0 -0.3 0.0
-0.4 0.1 0.0
0.2 0.0 0.1
-0.2 0.0 0.1
0.0 0.1 -0.2
0.2 -0.1 -0.1
0.1 0.0 -0.1
0.0 0.1 -0.1
-0.1 -0.2 0.6
-0.1 0.1 -0.3
-0.2 0.0 0.0
-0.2 -0.2 0.1
-0.1 0.1 -0.2
-0.3 0.0 0.1
-0.3 -0.2 -0.1
-0.2 -0.4 0.5
-0.1 0.0 -0.2
0.2 0.0 0.0
-0.2 -0.1 -0.2
-0.1 0.2 -0.1
0.0 -0.1 0.2
-0.1 0.1 -0.2
0.2 0.2 -0.1
-0.2 -0.3 0.1
-0.1 0.1 0.0
0.0 -0.3 -0.1
-0.3 0.3 -0.2
0.4 -0.1 -0.2
-0.1 0.1 0.1
-0.1 0.1 -0.6
0.2 0.1 0.3
0.0 0.1 0.1
0.3 0.1 0.2
-0.6 -0.1 -0.1
0.2 0.1 0.0
0.3 -0.3 0.2
-0.1 0.2 -0.3
-0.2 -0.1 0.0
0.1 -0.4 -0.1
0.2 0.2 -0.3
0.2 0.0 0.1
-0.1 0.1 -0.3
0.3 0.2 -0.2
0.0 -0.2 0.1
0.1 0.0 -0.1
0.1 -0.3 0.1
-0.3 0.4 0.1
0.3 -0.2 -0.6
0.0 -0.1 0.1
0.2 0.2 0.0
0.0 0.0 -0.1
-0.2 -0.2 -0.1
0.1 0.2 0.2
-0.2 -0.1 -0.2
-0.2 -0.1 -0.4
0.1 0.1 0.3
-0.2 -0.2 -0.2
0.5 0.0 0.1
-0.1 -0.2 -0.3
-0.1 0.1 -0.3
0.0 -0.3 0.2
0.1 0.2 -0.3
0.3 0.0 -0.3
0.2 -0.4 0.1
0.0 0.1 -0.3
-0.1 -0.3 0.2
0.0 0.0 -0.3
0.2 0.1 0.1
0.1 -0.2 0.2
-0.3 -0.1 0.0
-0.1 -0.2 0.1
0.1 -0.1 0.2
0.1 -0.1 0.0
-0.2 0.3 0.2
0.1 0.1 -0.2
0.2 -0.3 0.2
-0.1 0.1 -0.3
0.1 0.0 -0.2
-0.6 -0.6 0.2
0.0 0.3 -0.1
0.0 0.0 0.0
0.2 -0.2 -0.4
0.1 -0.3 0.3
-0.1 -0.2 0.3
0.0 0.1 0.1
0.0 0.0 0.2
0.0 -0.1 0.0
-0.1 -0.2 -0.3
0.0 -0.1 0.1
-0.3 0.0 -0.1
0.1 0.0 0.1
-0.1 0.1 -0.3
0.3 0.1 0.1
-0.2 -0.4 0.2
0.0 0.3 0.0
-0.1 0.00.0
-0.4 -0.2 0.0
-0.1 -0.1 -0.3
-0.5 0.1 0.2 
-0.3 -0.4 -0.3
0.2 0.0 -0.2 
-0.7 -0.3 -0.2
0.0 0.0 0.0
-0.3 0.1  0.0 
-0.2 -0.3 -0.2
0.1 0.0 -0.2
-0.1 -0.3 -0.1 
-0.4 0.2 0.2
0.2 0.1 0.1 
0.2 0.1 0.1
0.2 0.0 0.2
-0.5 -0.5  0.0 
0.1 0.0 0.2
-0.1 0.1 0.0
0.0 0.0 -0.1 
0.0 -0.2 0.1
-0.2 0.0 -0.1 
-0.1 0.4 -0.2
0.1 -0.1 0.3
0.0 0.0  -0.1 
0.0 -0.2 -0.1
-0.3 0.0 -0.1
0.0 0.0 -0.1 
0.0 0.1 0.1
-0.3 0.1 -0.3 
0.2 -0.2 0.1
-0.4 -0.2 0.0
0.4 -0.1  -0.4 
0.0 -0.2 0.1
-0.5 0.1 0.0
-0.2 0.2 -0.1 
0.1 -0.1 0.0
0.3 0.2 0.0 
0.1 0.0 0.2
-0.5 0.4 0.1
0.3 -0.1  -0.1 
-0.2 -0.1 0.3
0.0 0.0 -0.1
-0.4 -0.1 0.2 
-0.3 0.1 -0.1
0.3 0.0 0.2 
-0.4 -0.4 0.2
-0.1 -0.1 -0.2
-0.2 0.1  0.1 
0.0 0.2 -0.1
0.1 0.1 -0.1
-0.2 -0.1 0.1 
0.1 -0.1 -0.3
0.1 -0.3 0.1 
-0.4 -0.1 0.0
0.4 -0.3 0.0
-0.4 0.0  -0.1 
-0.3 0.1 -0.1
0.0 -0.2 -0.1
-0.1 0.1 0.1 
0.0 0.0 0.1
-0.3 -0.1 0.1 
-0.3 -0.3 -0.2
0.0 0.0 -0.1
-0.2 -0.2  0.1 
0.1 0.0 -0.1
-0.2 0.0 -0.2
0.1 0.0 -0.1 
0.3 -0.4 0.1
-0.2 0.2 0.0 
0.3 -0.2 -0.1
-0.4 -0.2 -0.5
0.2 0.1  0.0 
0.2 -0.2 0.1
0.2 -0.2 -0.1
-0.1 0.3 -0.1 
0.1 -0.2 0.1
-0.4 0.0 -0.2 
0.0 -0.4 -0.1
0.0 -0.2 -0.2
-0.4 -0.1  -0.1 
-0.1 -0.1 0.3
0.1 0.2 0.0
0.1 0.1 0.1 
-0.2 0.1 0.0
0.0 -0.2 0.3 
-0.1 -0.2 0.1
-0.2 0.0 -0.1
-0.1 -0.5  0.0 
-0.3 0.1 -0.1
0.6 0.3 0.0
-0.2 -0.1 0.3 
0.1 0.1 -0.2
0.2 0.0 0.3 
0.0 0.0 0.3
0.0 0.0 0.2
0.1 0.1  -0.1 
-0.1 0.0 -0.4
-0.2 -0.2 -0.1
-0.5 0.1 0.2 
-0.1 -0.1 0.1
-0.2 -0.2 0.0 
-0.2 -0.2 0.3
-0.2 -0.4 0.2
-0.2 0.1  -0.2 
0.2 0.2 0.1
-0.2 -0.1 0.2
-0.3 0.2 -0.1 
0.1 -0.2 0.3
-0.4 0.0 0.0 
0.1 -0.3 -0.2
-0.3 0.3 0.3
-0.1 0.3  -0.2 
0.0 0.2 0.1
-0.3 0.0 -0.2
0.3 0.2 -0.3 
-0.3 -0.1 -0.1
-0.1 0.1 0.1 
0.2 -0.3 0.0
-0.1 -0.1 0.1
0.0 0.2  -0.3 
0.1 0.0 -0.2
0.2 0.1 0.0
0.1 -0.2 -0.2 
0.0 0.1 -0.2
0.0 0.1 0.1 
-0.2 -0.4 0.1
0.0 0.3 -0.1
0.1 -0.1  0.3 
0.0 0.1 -0.1
0.6 0.1 0.0
0.0 0.0 0.1 
0.1 0.3 0.1
-0.1 -0.3 0.1 
-0.2 0.2 -0.4
0.5 0.3 0.0
-0.1 -0.1  -0.2 
0.2 0.5 0.1
-0.2 0.2 0.0
-0.4 0.2 -0.2 
0.2 -0.1 0.1
0.0 -0.2 -0.3 
0.2 -0.1 0.0
-0.2 0.2 0.1
-0.1 -0.2  0.2 
0.2 0.2 0.1
-0.1 -0.5 0.1
0.0 0.1 -0.1 
0.0 0.1 0.2
-0.1 0.2 -0.1
-0.1 0.2 -0.1
0.0 -0.2 0.1
-0.2 0.0 -0.1
-0.1 0.0 -0.1
-0.1 -0.2 -0.1
0.1 -0.1 -0.3
-0.1 -0.4 0.1
-0.4 0.3 -0.4
0.4 0.1 0.1
0.1 -0.1 -0.1
0.2 0.0 -0.3
0.2 0.0 0.1
-0.1 0.3 0.0
0.5 0.4 -0.1
0.1 0.0 -0.2
-0.4 0.5 0.0
0.1 -0.2 0.4
-0.2 -0.1 -0.2
0.1 -0.1 0.1
-0.2 0.1 -0.1
0.0 0.1 -0.4
-0.1 -0.1 -0.1
-0.3 0.5 -0.1
0.3 0.1 -0.1
-0.2 0.2 -0.3
0.0 0.4 0.1
0.0 -0.2 0.2
0.0 -0.2 -0.1
0.2 0.1 0.0
0.1 0.0 0.2
0.1 0.4 0.0
-0.2 -0.3 0.1
0.0 -0.1 -0.2
0.3 0.1 0.2
0.0 -0.5 -0.1
0.1 0.3 0.0
-0.5 -0.1 0.2
-0.2 0.0 -0.3
0.2 0.1 -0.1
-0.1 0.2 0.1
-0.1 0.4 0.0
0.3 0.0 0.3
-0.2 0.1 -0.2
0.2 0.2 0.1
0.1 -0.2 -0.2
-0.4 0.1 -0.3
-0.1 -0.2 0.0
0.0 0.1 -0.1
0.2 0.2 -0.1
-0.3 -0.2 -0.3
0.0 0.2 0.2
-0.4 -0.1 0.2
-0.2 0.1 0.2
0.0 0.0 -0.1
-0.4 0.0 0.0
0.0 0.2 -0.1
0.0 -0.5 -0.1
0.1 0.6 -0.4
0.4 0.2 0.1
0.0 -0.4 -0.2
-0.2 -0.3 0.0
0.0 -0.1 0.2
-0.3 0.0 -0.4
0.4 0.0 0.1
-0.3 -0.1 0.1
0.0 0.1 -0.5
-0.2 0.2 0.0
0.1 0.0 0.0
0.4 0.2 0.2
0.0 -0.1 -0.1
0.0 0.1 -0.3
-0.1 -0.3 0.1
-0.5 -0.2 -0.3
0.2 0.1 0.0
0.0 -0.1 -0.3
-0.1 0.2 -0.1
-0.2 0.0 0.5
-0.4 0.0 -0.3
0.1 0.1 0.2
-0.2 0.1 -0.2
0.1 0.3 -0.6
-0.3 0.0 0.1
-0.1 0.3 -0.5
0.2 0.0 -0.1
-0.2 0.0 0.1
0.0 -0.1 -0.1
0.2 -0.3 0.3
0.1 0.3 0.2
-0.3 -0.3 0.0
-0.1 -0.4 -0.1
0.2 0.1 0.2
0.4 0.0 0.1
-0.3 0.1 -0.1
0.0 0.2 -0.1
-0.1 -0.4 0.3
-0.1 0.0 -0.2
0.1 -0.3 -0.1
-0.2 0.1 -0.1
0.2 -0.1 -0.2
-0.2 -0.3 0.2
0.3 0.0 -0.4
0.0 0.0 -0.2
-0.4 -0.1 0.0
0.2 0.0 0.1
-0.4 -0.2 -0.1
-0.4 0.3 -0.1
-0.4 -0.1 0.0
-0.1 0.1 -0.3
0.3 -0.3 -0.1
-0.2 0.0 -0.1
-0.1 -0.2 -0.1
0.4 -0.2 0.5
-0.2 0.0 -0.3
0.3 -0.1 0.3
0.1 -0.2 0.0
-0.4 0.2 -0.2
0.1 -0.2 -0.1
-0.4 0.2 0.0
0.5 0.1 0.1
-0.3 0.0 -0.1
0.0 0.1 -0.1
0.0 -0.2 0.1
-0.2 -0.1 -0.3
-0.2 -0.2 0.5
-0.3 0.0 0.1
-0.5 0.2 0.0
-0.1 -0.3 -0.1
0.0 0.1 -0.1
0.1 -0.2 0.2
-0.2 -0.1 0.3
-0.1 0.1 -0.3
0.0 -0.3 -0.1
0.1 -0.2 -0.1
0.4 -0.1 -0.1
-0.1 -0.1 0.2
-0.1 0.2 -0.3
0.0 0.1 0.1
-0.1 -0.2 -0.2
0.1 -0.2 0.0
0.0 -0.2 0.1
0.0 0.1 -0.3
0.0 0.0 0.2
-0.4 0.0 0.1
0.1 0.10.0
0.0 -0.2 0.0
-0.3 -0.1 -0.4
0.0 -0.1 0.0 
0.2 -0.2 -0.6
-0.5 0.2 -0.1 
-0.1 0.0 -0.2
-0.4 0.1 -0.3
0.1 0.1  0.1 
-0.1 -0.3 0.0
0.1 0.0 0.2
-0.2 -0.3 0.4 
0.1 0.1 -0.2
-0.4 0.1 -0.3 
0.2 -0.4 0.1
0.2 0.1 -0.5
0.0 0.1  0.0 
-0.4 -0.3 -0.1
0.3 0.1 0.1
0.0 0.0 -0.1 
0.3 0.1 -0.1
-0.1 0.1 0.0 
0.0 -0.1 0.1
0.1 0.2 0.4
-0.1 -0.2  0.0 
0.1 -0.1 -0.4
-0.5 0.0 0.0
0.1 0.1 -0.3 
0.3 0.2 0.0
-0.2 -0.1 -0.2 
-0.2 -0.2 -0.3
0.2 -0.3 0.5
-0.2 -0.2  -0.2 
0.0 -0.3 -0.3
-0.2 -0.4 -0.2
-0.3 0.2 -0.3 
0.0 0.1 0.1
0.1 -0.2 -0.4 
-0.2 -0.2 -0.1
-0.1 -0.4 0.1
-0.4 -0.2  -0.3 
0.3 0.2 0.3
-0.2 0.4 -0.5
0.2 0.1 0.0 
-0.2 0.0 0.0
-0.1 0.0 -0.2 
0.0 0.0 0.3
0.0 0.1 -0.3
0.1 0.2  0.2 
0.0 0.0 -0.3
-0.1 0.2 -0.1
-0.2 -0.2 0.1 
-0.3 -0.2 -0.1
-0.1 0.2 -0.4 
0.0 -0.3 0.2
-0.2 0.0 0.3
-0.1 -0.2  0.1 
-0.2 0.0 -0.1
0.3 0.3 0.0
0.0 -0.4 -0.1 
0.0 0.1 -0.2
-0.4 -0.3 0.2 
-0.4 0.0 -0.1
0.4 0.2 -0.2
-0.3 0.1  0.3 
-0.2 0.1 0.2
0.1 -0.3 0.3
0.2 -0.2 0.1 
0.2 -0.4 0.3
0.0 -0.2 0.0 
0.3 0.5 0.0
0.0 0.0 0.1
-0.1 0.2  0.0 
0.0 0.2 0.0
0.1 0.0 0.1
-0.5 0.0 -0.3 
-0.1 -0.2 -0.1
0.0 0.1 -0.2 
0.5 -0.2 0.1
-0.4 0.0 -0.1
0.0 0.3  -0.1 
0.3 0.0 0.4
-0.2 0.1 0.0
0.0 0.2 0.1 
-0.3 -0.3 -0.1
-0.3 0.0 0.1 
0.1 -0.1 0.3
-0.1 0.1 -0.1
0.0 0.1  0.1 
-0.2 -0.4 0.0
-0.1 -0.1 0.1
-0.1 -0.2 -0.2 
-0.2 0.0 -0.4
0.1 -0.1 0.0 
-0.5 -0.1 -0.1
-0.1 0.4 -0.1
0.0 0.0  0.3 
0.1 -0.1 0.1
0.1 -0.3 -0.2
-0.2 0.1 0.1 
-0.1 0.3 0.0
-0.1 0.0 0.2 
-0.1 0.1 -0.2
0.2 0.0 -0.2
0.1 -0.2  -0.3 
0.1 0.1 -0.3
0.2 -0.3 0.3
-0.4 0.0 -0.3 
0.3 0.0 -0.1
-0.1 0.2 0.1 
0.0 0.1 0.0
0.1 -0.1 -0.2
-0.3 0.1  -0.2 
-0.2 0.0 0.3
-0.1 -0.2 0.0
-0.1 0.1 0.2 
0.0 0.0 0.2
-0.1 0.2 0.0 
0.1 -0.3 -0.1
-0.3 -0.1 0.1
-0.2 0.3  0.0 
0.0 -0.3 0.2
0.2 0.2 0.0
-0.1 0.1 -0.1 
0.0 -0.1 -0.1
-0.1 0.2 -0.2 
0.2 -0.4 0.1
-0.3 0.1 0.1
0.1 0.1  0.1 
-0.1 -0.2 -0.2
0.1 0.3 -0.2
-0.1 0.2 -0.1 
-0.4 0.2 -0.2
0.1 0.0 0.0 
-0.5 0.2 -0.1
0.3 0.0 -0.3
0.2 0.0  0.2 
-0.2 0.1 -0.3
0.3 0.1 -0.1
-0.3 -0.1 -0.2 
0.2 0.5 -0.2
0.1 -0.2 0.3 
-0.5 -0.2 -0.1
0.8 -0.1 0.1
0.0 -0.3  0.1 
0.1 0.5 -0.2
-0.1 -0.1 0.3
0.1 -2411.1 -1638.3 
-0.2 0.1 -0.4
0.1 0.2 0.1
-0.2 0.0 -0.2
0.2 -0.3 -0.3
0.0 0.1 0.0
0.1 0.2 -0.5
0.2 0.0 0.1
-0.2 0.0 0.0
0.5 0.1 0.1
0.0 -0.1 -0.1
-0.2 0.2 -0.4
-0.2 0.0 0.1
0.0 0.2 0.0
0.3 -0.1 -0.2
-0.1 -0.1 -0.2
0.0 0.1 -0.4
0.0 0.1 0.3
-0.4 -0.2 0.1
0.1 -0.1 -0.1
-0.2 -0.2 0.1
0.3 0.1 -0.3
0.0 0.0 0.6
-0.1 0.2 0.0
0.4 0.1 0.2
0.1 0.1 0.0
0.1 0.1 -0.4
-0.2 -0.1 0.3
-0.5 -0.2 -0.1
0.0 0.1 -0.3
-0.4 0.0 -0.1
0.1 0.1 0.1
0.2 0.0 0.4
-0.2 -0.2 0.0
-0.1 0.2 0.0
-0.2 -0.1 -0.1
0.1 0.0 0.1
0.0 -0.2 0.0
0.2 0.3 0.1
0.0 0.1 0.1
0.0 -0.4 -0.2
0.2 0.0 -0.1
0.2 -0.3 0.0
-0.2 -0.1 0.1
0.1 -0.3 0.1
-0.3 0.2 0.3
0.1 0.2 -0.2
-0.1 -0.3 0.1
0.0 -0.1 -0.2
0.0 0.0 0.1
-0.1 0.1 -0.2
0.3 0.4 -0.1
-0.2 0.4 0.2
-0.3 -0.2 -0.2
0.2 0.0 0.2
0.1 0.2 0.0
0.0 0.0 0.0
0.0 0.2 0.1
0.1 0.2 -0.2
0.1 0.0 -0.1
0.1 -0.3 -0.1
0.3 0.2 0.0
-0.4 0.0 0.3
0.2 -0.2 0.4
0.2 0.3 0.0
-0.1 -0.2 -0.3
0.0 0.3 0.0
0.1 -0.4 0.2
-0.5 0.1 -0.3
0.3 0.1 0.3
-0.3 -0.1 -0.2
0.0 -0.1 0.1
-0.4 -0.2 -0.1
0.0 0.3 -0.2
0.0 0.3 -0.2
-0.1 -0.4 0.1
0.2 0.2 -0.1
0.1 0.0 0.2
0.2 -0.2 -0.1
0.1 0.1 -0.3
-0.3 -0.2 0.1
0.2 0.2 -0.4
0.1 -0.1 0.1
-0.1 0.4 -0.3
0.1 -0.1 -0.1
-0.2 -0.4 0.2
0.2 0.4 -0.2
0.2 -0.2 0.1
-0.2 0.1 -0.1
0.0 -0.1 -0.2
-0.3 -0.1 0.0
0.0 0.2 -0.1
0.0 -0.2 0.2
-0.6 0.1 0.1
0.2 0.2 0.2
-0.3 -0.3 0.1
-0.2 0.3 -0.3
-0.4 -0.2 -0.2
-0.1 -0.1 -0.1
0.2 0.0 0.1
-0.1 0.0 -0.1
-0.2 0.5 -0.5
0.2 -0.3 0.1
-0.1 -0.4 -0.2
0.4 -0.1 -0.1
-0.1 0.0 -0.3
0.1 -0.2 -0.3
0.2 0.0 0.3
-0.2 0.1 -0.2
0.1 -0.2 -0.1
-0.1 -0.2 0.0
0.0 0.2 -0.1
-0.1 0.0 0.1
0.0 0.1 0.2
0.2 0.0 0.1
-0.1 -0.1 -0.2
0.0 0.0 0.0
0.1 -0.2 -0.1
0.0 -0.1 0.1
0.4 -0.2 -0.1
-0.3 -0.2 -0.1
0.0 0.2 0.0
-0.2 0.1 -0.1
0.2 -0.2 -0.3
0.2 0.2 -0.2
-0.3 -0.4 0.1
0.2 0.1 -0.3
0.0 -0.4 0.0
-0.1 -0.1 -0.3
-0.1 0.2 0.3
-0.2 0.0 0.0
-0.2 0.3 -0.1
-0.1 -0.1 0.1
0.0 -0.4 0.1
0.0 -0.3 0.1
-0.1 0.1 0.2
0.2 0.2 -0.3
-0.2 -0.5 0.1
-0.2 0.0 0.0
0.0 0.1 0.0
0.4 -0.1 0.0
0.3 0.0 0.1
-0.1 -0.3 0.3
-0.2 0.0 -0.2
0.2 -0.2 0.0
0.0 -0.2 0.0
-0.2 -1819.1-1638.3
0.1 0.0 0.0
-0.6 -0.2 -0.3
-0.5 0.3 0.1 
0.1 -0.4 0.1
-0.2 0.1 -0.5 
-0.1 -0.2 -0.2
-0.1 -0.2 -0.1
-0.4 -0.3  -0.1 
0.0 -0.4 -0.3
-0.5 0.2 -0.1
0.1 0.0 -0.2 
0.3 -0.3 -0.2
-0.4 0.1 -0.2 
0.2 -0.6 0.1
-0.4 0.3 -0.2
0.0 0.1  0.2 
0.2 -0.2 0.1
0.0 0.0 -0.3
0.0 -0.3 0.0 
-0.1 0.2 -0.1
0.2 -0.4 -0.1 
0.1 -0.3 -0.1
0.1 0.1 -0.3
0.0 -0.4  0.2 
0.2 0.1 -0.5
0.0 0.1 0.1
-0.2 -0.2 0.0 
0.4 0.4 0.0
-0.4 0.0 0.2 
0.0 0.0 -0.4
-0.3 0.0 -0.1
-0.5 0.0  0.3 
-0.2 0.1 0.0
-0.1 -0.5 0.1
-0.2 0.2 -0.1 
0.3 -0.2 0.2
-0.1 -0.3 -0.1 
0.0 0.1 -0.3
-0.2 -0.2 -0.4
-0.1 -0.3  -0.4 
0.4 0.1 0.1
-0.2 -0.2 -0.1
0.4 -0.1 -0.1 
0.1 0.0 0.3
-0.2 0.2 -0.1 
0.3 0.1 -0.1
0.1 -0.2 0.1
0.4 0.2  -0.1 
-0.3 -0.3 0.2
0.0 -0.1 0.1
0.0 -0.2 0.3 
0.0 -0.1 0.0
-0.2 -0.1 -0.1 
0.0 0.2 0.0
-0.2 0.2 -0.4
0.3 0.0  0.1 
0.0 -0.1 0.1
-0.1 -0.2 -0.4
0.0 -0.2 0.4 
-0.2 -0.1 -0.1
0.1 0.2 -0.2 
-0.4 0.2 -0.1
0.2 0.1 0.1
-0.1 0.0  0.0 
-0.3 0.0 -0.1
0.2 0.4 -0.3
-0.2 -0.5 0.1 
0.2 0.1 -0.3
-0.2 0.0 0.1 
-0.2 0.1 -0.3
-0.1 0.0 0.1
0.3 -0.1  0.2 
0.4 0.6 0.1
0.1 0.1 0.2
0.2 0.0 -0.2 
-0.2 -0.1 -0.3
-0.1 -0.1 0.2 
0.1 0.4 -0.1
0.0 -0.1 0.0
-0.3 -0.3  0.2 
0.3 0.1 -0.1
-0.2 -0.1 0.0
0.0 -0.2 0.2 
-0.1 -0.2 0.1
-0.1 -0.1 0.0 
0.1 0.0 -0.2
-0.4 -0.1 -0.1
0.2 0.3  -0.4 
-0.2 0.2 0.4
0.2 0.1 -0.2
0.1 0.0 0.1 
0.0 0.1 -0.1
-0.2 -0.2 -0.3 
-0.3 -0.1 0.6
-0.3 -0.2 -0.3
0.2 0.1  0.2 
-0.4 -0.4 -0.1
-0.2 0.2 0.1
0.0 -0.2 0.2 
-0.3 0.0 -0.3
0.4 -0.3 0.0 
0.2 -0.2 -0.4
-0.2 -0.1 -0.4
0.0 0.0  0.1 
0.2 -0.2 0.0
0.0 -0.1 -0.2
-0.2 0.0 0.3 
0.0 0.0 0.1
-0.1 0.1 0.2 
-0.1 0.0 -0.1
-0.2 0.0 0.2
-0.2 -0.2  0.0 
0.0 -0.1 -0.1
0.3 0.2 0.1
0.0 0.1 -0.2 
0.4 0.0 0.2
0.0 -0.3 0.1 
0.0 0.1 0.0
-0.3 -0.1 0.1
-0.1 0.2  -0.3 
0.1 -0.2 -0.1
0.0 0.0 0.2
0.2 -0.2 0.1 
0.0 0.0 0.1
0.0 0.1 0.1 
0.2 0.0 0.1
0.2 -0.1 0.2
0.0 0.2  -0.1 
0.2 -0.3 0.0
-0.3 0.0 -0.5
0.5 0.2 0.1 
0.1 -0.3 -0.1
-0.1 0.0 0.0 
-0.2 -0.6 0.2
0.1 0.0 -0.4
0.3 0.1  0.2 
-0.1 0.0 0.0
-0.4 0.1 -0.1
0.0 0.0 0.3 
0.1 0.1 -0.1
0.1 0.0 -0.1 
-0.4 -0.1 -0.2
0.1 0.1 -0.1
-0.1 -0.1  0.3 
-0.2 0.0 -0.1
0.2 -1227.1 -1638.3
2.7 -51.2 -0.1 
-0.1 0.1 -0.1
0.4 0.3 0.2
0.0 -0.4 -0.1
-0.2 0.1 -0.2
0.2 -0.1 0.1
-0.1 -0.1 -0.2
0.0 -0.1 -0.2
-0.2 -0.5 0.1
0.0 0.4 0.0
0.3 0.0 0.4
0.1 -0.3 0.3
0.2 0.2 0.3
-0.1 -0.3 -0.2
-0.1 0.1 -0.1
0.1 -0.2 0.2
-0.1 0.3 -0.2
0.2 -0.1 -0.1
-0.2 -0.4 0.1
0.0 0.0 -0.1
0.0 -0.1 0.3
-0.3 -0.3 0.2
0.3 0.2 0.2
-0.1 -0.3 0.0
0.0 -0.1 0.1
0.3 -0.1 0.4
-0.2 0.0 -0.3
0.1 -0.2 0.1
0.2 0.0 0.3
0.1 0.4 -0.3
0.1 -0.2 0.5
-0.1 -0.3 0.3
0.3 -0.1 0.0
-0.2 -0.2 0.1
0.0 0.1 -0.4
0.0 -0.1 0.3
-0.5 0.2 -0.1
0.1 0.0 0.0
-0.2 -0.2 -0.1
-0.2 0.2 -0.2
0.2 -0.1 0.0
0.1 0.3 0.0
0.2 0.1 0.1
-0.3 0.0 0.3
0.0 0.2 -0.3
-0.3 -0.3 0.3
-0.2 0.0 -0.1
0.2 -0.2 0.1
-0.5 0.0 -0.2
0.1 0.0 -0.3
-0.1 -0.2 0.1
-0.2 0.3 -0.4
0.2 0.1 -0.4
-0.5 -0.3 0.2
0.0 0.0 -0.4
-0.2 -0.2 0.3
0.1 0.1 0.1
0.3 -0.2 0.1
0.0 -0.1 0.0
-0.1 0.0 -0.3
0.2 -0.2 0.2
-0.3 0.0 -0.1
0.3 0.0 -0.2
-0.1 -0.2 0.1
0.2 -0.1 0.1
0.0 -0.4 0.3
0.0 0.3 0.5
0.3 0.1 -0.1
0.0 0.0 -0.2
0.1 0.0 -0.4
-0.2 -0.1 -0.4
0.1 0.3 0.2
0.2 0.0 -0.1
0.3 -0.3 0.2
0.1 0.2 -0.2
-0.2 -0.2 -0.1
-0.2 -0.1 -0.2
-0.1 0.2 -0.1
-0.2 -0.1 0.4
0.0 0.1 0.1
0.1 -0.4 0.1
-0.1 0.1 -0.5
0.0 0.0 -0.1
0.0 -0.1 0.0
-0.2 0.2 -0.2
0.1 -0.2 0.3
-0.3 0.0 -0.1
0.2 0.2 0.0
0.0 -0.1 0.0
-0.1 0.4 -0.4
0.2 -0.1 0.1
-0.1 0.2 0.1
0.2 0.0 0.2
-0.1 -0.1 0.3
-0.6 -0.2 -0.1
0.0 0.1 0.3
0.0 0.2 -0.1
0.1 -0.1 0.4
-0.4 -0.1 0.1
0.1 0.1 -0.1
0.0 -0.2 0.2
-0.1 0.1 -0.2
0.1 0.0 -0.2
0.1 -0.2 -0.1
0.0 0.3 -0.1
0.0 -0.1 -0.2
0.0 0.0 0.2
-0.1 -0.2 -0.1
0.0 -0.1 0.2
0.0 0.6 0.0
0.2 0.0 0.3
-0.6 0.3 0.0
0.2 0.3 -0.3
-0.2 -0.1 -0.1
0.0 0.0 0.1
0.0 -0.3 -0.2
-0.2 -0.2 0.1
0.0 0.1 0.4
-0.1 -0.1 -0.1
0.0 0.4 -0.4
0.1 0.0 -0.1
0.0 -0.2 -0.2
0.2 -0.4 0.0
-0.3 -0.1 -0.1
0.3 0.1 0.2
0.1 -0.2 0.1
-0.1 0.0 0.2
0.1 0.3 0.0
-0.2 -0.1 -0.1
0.1 -0.1 -0.1
-0.3 -0.2 0.2
0.0 -0.3 -0.1
0.2 0.0 0.1
0.0 0.0 0.0
0.0 0.0 0.2
-0.1 0.0 0.0
-0.1 -0.2 -0.2
0.3 0.1 -0.2
-0.2 0.0 0.0
-0.2 0.0 -0.3
0.1 -0.2 0.1
0.2 0.3 -0.2
0.0 0.1 0.4
-0.3 0.0 -0.1
0.0 0.2 0.1
0.3 -636.7 -1638.3
2.7 25.6-25.6
0.0 0.0 -0.5
-0.1 -0.2 -0.2
-0.1 0.1 -0.1 
0.2 -0.2 -0.4
-0.7 -0.6 -0.2 
-0.2 0.0 -0.1
0.1 -0.4 -0.1
-0.1 -0.1  0.1 
0.1 0.2 -0.2
-0.2 -0.2 -0.2
0.3 -0.1 -0.2 
-0.3 -0.4 0.0
-0.4 0.2 -0.4 
0.4 0.3 -0.3
-0.1 0.0 0.1
0.1 -0.3  -0.1 
0.0 0.0 0.2
-0.1 -0.1 0.0
0.6 -0.2 -0.1 
-0.2 0.1 -0.1
0.1 -0.1 0.0 
-0.1 -0.1 0.1
-0.1 0.0 -0.1
0.3 0.0  -0.1 
0.1 0.1 0.2
-0.2 0.4 -0.2
-0.2 -0.1 0.3 
0.2 -0.3 -0.1
0.3 0.0 -0.2 
-0.2 -0.3 0.1
0.3 0.3 -0.1
0.0 -0.3  0.5 
0.2 0.2 -0.4
0.4 -0.1 0.3
-0.1 -0.2 0.1 
0.1 0.0 -0.5
0.0 0.0 -0.1 
-0.2 0.1 -0.5
0.4 0.0 0.0
-0.1 -0.2  0.1 
0.0 -0.1 0.0
0.0 0.0 0.1
-0.3 0.2 -0.1 
0.1 0.0 0.0
-0.3 -0.1 0.2 
0.2 0.0 -0.2
0.2 0.0 0.0
-0.2 0.2  0.0 
0.2 0.0 -0.2
0.0 -0.3 0.1
-0.1 -0.3 0.2 
-0.1 -0.2 0.4
0.2 0.2 0.3 
-0.1 -0.1 -0.2
-0.5 -0.2 0.1
-0.4 0.1  0.0 
0.0 -0.2 0.1
0.3 0.0 0.1
0.0 0.1 0.0 
-0.4 -0.1 -0.1
-0.1 0.0 0.1 
0.0 -0.3 0.3
-0.3 0.1 -0.1
0.1 0.2  -0.3 
-0.3 -0.1 -0.1
0.2 0.2 -0.2
-0.3 -0.3 0.1 
-0.2 0.0 -0.1
0.1 0.1 0.1 
0.0 0.0 -0.1
-0.3 -0.2 -0.1
0.0 -0.4  0.0 
0.0 0.2 -0.2
-0.1 0.0 -0.1
0.0 -0.4 -0.3 
0.0 0.0 -0.3
0.4 -0.1 0.3 
-0.2 0.1 -0.3
0.3 -0.3 0.3
-0.4 -0.1  0.2 
0.0 0.3 -0.3
0.1 -0.1 0.1
-0.1 0.3 -0.1 
0.0 0.2 -0.3
-0.1 0.0 0.1 
0.2 0.2 -0.1
0.1 -0.1 0.1
-0.1 -0.2  0.1 
0.2 0.1 0.4
-0.5 -0.2 -0.1
-0.1 0.1 -0.1 
0.3 0.2 0.2
-0.4 -0.3 0.1 
-0.2 -0.3 -0.1
-0.4 -0.3 0.3
-0.1 0.2  -0.4 
0.0 -0.2 0.3
-0.6 -0.2 -0.1
0.2 0.0 -0.1 
-0.3 0.1 -0.1
-0.5 0.2 0.1 
-0.1 -0.4 0.2
-0.4 0.2 -0.2
0.2 -0.1  0.3 
0.0 0.1 0.1
-0.1 0.2 -0.1
-0.2 -0.4 0.0 
-0.1 -0.4 0.1
0.4 0.0 0.1 
-0.1 -0.4 -0.1
0.0 0.2 -0.5
0.2 0.0  0.3 
-0.1 -0.1 -0.3
0.2 0.0 0.1
-0.3 -0.1 0.2 
0.0 0.1 0.0
-0.2 -0.4 0.4 
0.0 0.0 0.2
0.0 0.0 0.0
0.0 -0.2  -0.1 
-0.2 0.3 0.1
-0.2 -0.1 0.3
-0.4 -0.1 -0.2 
0.3 0.3 0.0
0.2 -0.1 -0.1 
0.1 0.3 -0.1
-0.1 0.1 -0.1
0.3 0.0  -0.1 
0.0 -0.3 0.0
-0.6 -0.1 0.0
-0.1 0.1 -0.1 
0.2 0.0 0.2
-0.2 0.0 -0.4 
0.2 0.1 0.0
-0.4 -0.2 0.3
-0.1 0.0  -0.2 
0.2 -0.2 0.0
-0.2 0.1 -0.2
0.2 0.3 -0.1 
-0.3 -0.4 0.1
0.3 -0.2 -0.3 
0.0 -0.1 0.2
0.0 -0.1 -0.2
0.0 0.0  -0.2 
0.3 -44.7 -1638.3
-48.5 -25.7 -0.1
-0.1 25.6 102.4 
-0.2 0.0 0.1
-0.2 -0.2 -0.5
-0.1 -0.1 0.0
-0.2 0.3 -0.2
-0.1 -0.2 -0.2
-0.2 -0.5 0.0
0.1 0.1 -0.4
0.0 0.1 0.3
0.1 0.0 -0.3
0.1 0.0 -0.1
-0.1 -0.1 -0.4
-0.2 -0.1 -0.4
-0.2 -0.4 0.4
-0.2 -0.1 0.3
0.3 -0.1 0.0
-0.6 0.0 0.0
-0.5 0.3 -0.3
0.2 0.0 0.2
-0.1 -0.4 -0.2
0.6 0.0 0.2
0.0 -0.1 -0.4
-0.3 -0.3 -0.1
0.1 0.1 0.1
-0.1 0.1 -0.1
0.4 0.0 -0.3
-0.2 0.2 0.1
0.1 0.0 -0.3
0.0 -0.2 0.0
-0.5 -0.1 0.0
-0.2 0.1 -0.2
-0.5 -0.4 0.4
0.0 -0.2 -0.1
0.2 -0.2 0.3
0.0 0.1 0.1
0.1 -0.4 0.3
-0.2 -0.4 0.0
0.3 0.0 -0.4
0.1 -0.1 0.3
-0.2 0.4 -0.1
0.0 -0.2 -0.1
-0.1 -0.1 0.1
-0.1 -0.1 0.1
0.0 -0.4 0.0
-0.3 0.2 -0.1
0.2 -0.2 0.1
-0.2 -0.4 0.1
0.3 0.4 0.1
0.0 -0.3 0.0
-0.2 0.0 -0.2
0.0 -0.2 0.3
0.1 -0.1 0.1
-0.2 -0.1 -0.2
0.0 0.1 0.3
-0.1 -0.2 0.1
0.0 -0.2 -0.1
-0.5 -0.3 -0.1
0.0 0.2 -0.3
0.1 0.0 -0.1
0.1 -0.1 0.1
0.3 0.1 0.1
-0.1 -0.1 0.0
-0.2 0.2 -0.3
-0.2 -0.3 0.2
-0.1 0.2 -0.3
0.2 0.3 0.1
0.0 -0.1 0.1
-0.2 -0.1 -0.5
0.0 0.1 0.3
-0.5 0.0 -0.5
0.3 -0.2 -0.4
-0.3 -0.1 0.3
0.1 0.1 -0.1
-0.4 0.1 0.2
0.2 0.2 -0.1
0.3 0.1 -0.3
-0.1 -0.2 -0.2
-0.2 0.4 -0.4
0.1 -0.1 0.3
-0.1 -0.2 -0.5
0.0 -0.1 -0.1
-0.2 0.0 -0.2
0.2 0.5 -0.1
-0.2 -0.2 0.2
-0.1 0.0 0.0
-0.2 0.0 -0.1
0.1 0.0 0.1
0.1 0.4 -0.1
-0.1 -0.1 0.3
-0.3 0.2 -0.1
0.5 0.1 0.0
0.0 -0.4 0.2
0.3 0.2 -0.2
0.2 0.0 0.2
0.0 0.0 -0.4
0.2 0.2 0.1
-0.2 0.1 0.1
0.0 -0.4 -0.2
-0.2 0.0 0.3
0.0 0.2 -0.3
0.2 0.2 -0.3
0.0 -0.2 0.1
0.4 0.2 -0.5
-0.3 0.0 -0.2
-0.1 -0.2 0.1
0.3 0.2 -0.1
-0.4 -0.1 -0.2
-0.2 0.1 -0.1
-0.2 -0.2 0.1
0.0 0.0 0.0
0.0 -0.3 0.3
0.1 -0.2 -0.1
-0.5 0.2 0.0
0.2 -0.1 -0.1
0.1 -0.1 -0.2
0.4 0.0 0.2
-0.3 0.0 0.3
0.1 -0.2 -0.3
0.1 -0.2 0.3
0.2 -0.2 -0.4
0.1 0.0 -0.1
-0.5 0.0 -0.1
0.0 0.4 0.1
0.3 -0.2 0.2
-0.4 0.0 -0.1
-0.1 0.3 0.3
-0.2 -0.2 0.2
0.0 0.3 0.3
0.2 -0.4 0.1
0.2 0.0 -0.4
0.0 -0.1 0.1
0.1 -0.2 0.2
-0.1 0.1 -0.3
-0.2 -0.1 0.3
-0.4 -0.5 0.3
0.6 0.0 -0.1
0.1 -0.3 0.4
0.2 -0.1 -0.1
0.2 0.0 0.3
-0.2 -0.1 -0.1
0.0 0.2 -0.4
-0.1 -0.2 0.3
0.0 -0.1 -0.2
0.0 0.1 0.2
0.2 545.7 -1638.2
2.7 -179.2 51.1
0.0 51.2-51.2
0.3 0.0 -0.2
0.1 0.2 -0.1
-0.1 -0.3 -0.2 
-0.3 -0.1 -0.3
0.3 0.2 -0.3 
-0.2 -0.1 -0.2
0.0 -0.2 -0.1
0.4 0.2  0.1 
-0.3 -0.1 -0.1
0.1 -0.4 0.2
-0.1 0.0 -0.1 
0.5 -0.3 0.1
-0.4 -0.4 0.2 
-0.1 -0.1 -0.2
0.0 0.0 0.2
-0.1 0.0  -0.2 
0.0 0.0 0.0
-0.2 -0.2 0.3
0.1 0.3 -0.3 
-0.2 0.2 0.1
0.4 0.0 -0.3 
0.2 -0.2 -0.2
0.0 -0.2 0.1
-0.1 0.2  -0.1 
0.4 -0.1 0.4
-0.3 -0.1 -0.4
0.1 -0.2 0.0 
-0.1 0.3 0.1
0.1 -0.2 0.0 
0.2 -0.4 0.0
-0.1 0.1 0.2
0.0 0.0  0.0 
-0.2 -0.3 0.1
0.0 0.0 0.0
-0.2 -0.1 0.0 
-0.1 0.2 -0.5
0.0 0.0 0.5 
-0.2 -0.2 0.0
-0.1 0.1 0.0
-0.2 -0.3  0.4 
-0.1 0.2 0.0
0.1 0.1 0.1
-0.1 -0.1 0.1 
0.5 -0.1 0.1
-0.1 -0.9 0.2 
0.3 0.1 0.0
0.2 0.1 0.1
-0.4 0.1  -0.1 
0.2 0.4 0.1
0.0 -0.2 0.1
0.0 0.0 -0.3 
0.4 0.1 0.2
0.1 -0.2 -0.2 
-0.3 -0.1 -0.5
0.0 0.0 0.5
-0.1 0.1  -0.2 
0.0 0.2 -0.4
-0.3 -0.3 0.3
-0.2 0.1 -0.2 
0.0 -0.1 0.1
0.1 0.0 -0.1 
0.0 0.2 0.3
-0.4 -0.1 0.1
-0.1 0.3  0.1 
0.2 -0.6 0.4
0.2 -0.2 -0.2
0.0 -0.3 0.1 
-0.3 -0.4 0.3
-0.2 0.2 -0.3 
0.0 -0.1 0.0
-0.1 0.4 0.2
0.1 0.0  0.1 
-0.3 -0.3 0.3
0.1 0.3 -0.1
0.1 -0.3 0.1 
0.2 -0.1 0.0
0.0 -0.1 -0.3 
-0.3 0.1 -0.3
0.0 0.2 0.1
-0.4 0.2  0.0 
-0.1 -0.1 -0.4
0.3 0.2 0.0
0.0 -0.1 0.5 
0.0 0.3 -0.3
0.1 0.0 0.3 
-0.1 0.1 -0.2
0.0 -0.1 0.1
-0.4 0.3  0.1 
-0.1 0.0 0.0
-0.5 -0.2 0.0
0.0 0.1 -0.2 
0.4 0.3 0.1
0.0 -0.1 0.3 
0.0 0.1 0.1
0.0 0.2 0.2
-0.2 0.0  -0.2 
0.0 0.1 0.0
-0.1 0.2 -0.4
0.0 0.2 -0.3 
-0.2 0.2 0.0
-0.4 0.1 0.1 
0.0 0.4 0.0
-0.1 -0.2 0.0
0.0 0.1  -0.1 
-0.3 0.0 0.3
-0.5 0.0 0.1
0.2 0.1 0.1 
-0.3 -0.3 0.2
0.1 0.1 -0.4 
0.1 -0.2 0.6
-0.2 0.0 0.1
0.2 0.3  0.2 
-0.4 0.0 -0.1
0.1 0.1 -0.2
0.4 -0.2 -0.2 
0.1 0.0 0.3
0.2 0.6 -0.4 
0.2 0.3 0.1
-0.1 0.5 0.0
-0.2 0.0  0.2 
0.1 0.2 0.2
0.1 -0.1 0.1
-0.3 0.2 0.2 
0.2 0.4 -0.1
-0.3 -0.6 0.5 
-0.3 0.0 -0.1
-0.1 -0.2 -0.2
0.0 0.2  0.0 
0.1 0.0 0.0
-0.1 -0.2 0.0
-0.2 0.0 -0.2 
0.5 0.1 0.2
0.2 -0.2 0.0 
0.0 0.4 -0.2
-0.1 -0.2 0.5
0.0 -0.2  -0.3 
0.1 0.0 0.2
0.0 0.0 -0.5
0.2 0.1 0.0 
0.0 -0.1 0.1
0.0 0.2 -0.1 
0.3 0.0 -0.1
-0.2 -0.6 -0.2
0.0 11.3  -1638.2 
28.3 25.6 0.0
-25.6 25.5 -25.6
-0.1 -51.2 51.1 
-0.2 -0.3 0.1
-0.6 0.0 -0.2
0.4 -0.1 0.0
-0.1 -0.5 0.1
-0.2 0.1 -0.2
-0.1 -0.2 0.0
-0.2 -0.4 -0.1
0.1 0.1 0.1
0.0 0.1 -0.1
0.3 0.3 0.2
0.2 0.0 -0.1
0.0 -0.3 0.1
0.2 -0.2 0.1
0.2 -0.1 0.2
-0.2 0.0 -0.6
-0.2 0.1 0.0
-0.4 0.0 -0.2
0.3 -0.1 -0.2
0.0 0.4 0.1
0.1 -0.3 0.1
0.2 0.0 0.0
-0.5 0.3 -0.1
0.2 0.2 0.2
0.0 -0.4 0.2
-0.1 0.1 0.3
-0.2 0.2 0.2
-0.4 0.0 0.1
0.0 0.2 0.1
-0.1 -0.3 0.0
-0.2 -0.2 -0.3
-0.1 -0.2 -0.1
0.0 -0.2 0.3
0.6 0.0 0.2
0.3 0.0 0.0
-0.2 0.3 0.1
-0.1 0.1 0.4
-0.2 0.1 0.0
0.1 -0.2 0.2
-0.1 -0.3 0.0
0.1 0.1 0.2
0.1 0.0 0.7
-0.4 0.1 -0.2
0.1 0.1 -0.1
-0.2 0.1 0.3
-0.2 0.2 0.0
0.0 0.1 0.4
-0.1 0.2 0.0
0.2 -0.3 -0.1
0.0 -0.1 0.0
0.0 -0.3 0.1
0.0 0.2 0.1
-0.5 0.1 -0.4
0.1 0.0 -0.1
-0.4 0.0 -0.1
-0.2 0.2 0.1
0.2 -0.3 0.1
-0.1 0.0 -0.1
-0.2 -0.2 0.2
0.2 -0.4 0.1
0.0 0.1 -0.3
0.0 0.1 0.1
0.0 0.4 -0.4
0.2 0.1 0.0
0.0 0.1 -0.3
-0.1 0.4 -0.3
0.3 -0.3 -0.2
-0.3 0.0 0.1
0.4 -0.4 0.0
0.1 -0.2 0.0
0.1 0.1 -0.1
0.2 0.2 0.1
-0.5 -0.2 0.0
0.6 -0.1 0.0
0.0 -0.3 0.1
-0.1 0.0 -0.2
0.1 0.0 0.1
0.0 0.1 0.2
0.2 0.1 0.1
0.0 0.1 -0.2
-0.2 0.5 0.0
0.0 -0.2 0.2
-0.2 0.3 0.5
0.3 -0.2 0.1
-0.5 -0.1 -0.1
0.0 0.3 0.1
-0.1 -0.3 0.2
0.2 0.1 0.0
0.4 -0.1 -0.2
-0.3 -0.4 -0.2
-0.5 0.0 -0.4
0.0 -0.1 0.0
0.0 -0.3 -0.1
0.4 0.1 -0.1
-0.3 -0.3 0.1
-0.4 0.4 -0.5
0.0 -0.4 0.2
0.1 -0.1 0.0
0.3 -0.2 0.1
-0.1 -0.2 -0.3
0.1 0.1 0.0
-0.1 -0.1 0.0
-0.3 -0.2 -0.2
-0.4 0.2 -0.3
-0.1 -0.2 0.2
-0.1 -0.2 -0.1
-0.2 -0.1 0.0
0.2 -0.1 -0.2
0.0 0.3 -0.1
0.2 -0.4 0.1
0.1 0.0 -0.2
0.0 -0.3 0.0
0.0 0.2 -0.2
0.4 -0.2 -0.1
-0.3 -0.5 -0.2
0.5 0.2 -0.3
-0.4 -0.3 0.2
0.1 -0.2 -0.1
0.1 0.2 -0.1
-0.1 -0.2 -0.1
0.2 0.1 -0.1
0.1 -0.1 0.1
-0.4 0.2 -0.1
0.4 -0.3 0.1
-0.2 -0.1 0.1
0.1 0.2 0.0
0.1 -0.3 0.3
-0.1 0.4 -0.2
0.2 0.2 -0.6
0.0 -0.5 0.2
0.1 0.4 -0.2
-0.1 0.0 -0.1
0.2 0.2 -0.1
0.2 0.2 0.1
0.0 -0.5 -0.2
-0.2 -0.1 0.1
-0.1 0.0 -0.3
0.1 0.0 -0.3
0.0 -0.1 -0.1
-0.1 -0.1 0.3
0.2 0.2 -0.2
-0.3 0.2 -0.1
-0.2 0.0 -0.2
-0.1 1728.1 -1638.2
2.7 25.6 -128.0
-102.5 -0.1 25.5
76.8 -128.0-25.7
-0.4 -0.4 0.0
0.3 0.0 -0.2
-0.2 0.0 0.1 
-0.1 -0.1 -0.5
0.1 -0.2 0.1 
-0.2 -0.3 0.1
-0.4 0.1 -0.2
-0.1 0.2  0.0 
-0.4 0.4 0.2
0.4 -0.3 0.3
-0.1 -0.1 0.2 
0.0 0.3 -0.2
0.1 0.3 0.0 
-0.4 -0.2 -0.1
0.4 -0.2 0.1
0.1 0.2  0.1 
0.0 0.3 0.0
-0.3 -0.3 0.2
-0.2 -0.1 -0.1 
-0.2 0.4 -0.2
0.0 -0.3 0.3 
0.3 0.2 -0.2
-0.1 -0.3 0.1
-0.2 -0.2  -0.2 
0.1 -0.2 0.0
-0.2 -0.3 0.0
-0.2 0.1 -0.2 
0.2 0.2 0.4
0.0 -0.1 0.1 
0.1 0.0 0.2
0.1 -0.1 0.0
-0.5 -0.2  0.0 
-0.1 -0.2 0.1
-0.4 0.1 0.1
0.2 -0.1 -0.3 
-0.4 0.2 -0.1
0.2 0.1 -0.1 
0.3 0.0 -0.3
-0.2 0.2 0.0
0.2 0.0  0.0 
-0.2 0.0 0.1
-0.2 0.4 -0.1
0.2 0.0 0.7 
0.0 0.0 0.1
0.2 0.0 -0.1 
-0.2 -0.1 -0.1
0.1 -0.2 0.0
0.0 -0.2  0.5 
-0.1 -0.1 0.0
-0.1 -0.4 -0.2
-0.1 -0.3 0.2 
-0.1 0.2 -0.3
0.2 -0.1 0.0 
0.0 0.0 0.0
0.3 -0.1 0.1
0.3 0.0  0.0 
-0.1 0.3 0.0
-0.1 -0.3 0.1
-0.5 -0.1 -0.1 
0.2 0.4 -0.1
0.1 -0.3 0.3 
0.2 0.2 0.0
-0.2 -0.4 0.5
0.1 0.2  -0.2 
0.3 -0.2 -0.4
0.0 -0.1 0.1
0.0 0.2 -0.3 
-0.2 -0.1 0.4
-0.1 -0.4 0.1 
0.3 0.1 -0.3
-0.2 -0.4 0.0
0.2 0.5  -0.3 
0.1 -0.5 0.3
0.0 0.2 0.2
0.1 0.1 -0.1 
-0.1 0.0 0.3
-0.1 -0.3 0.0 
0.2 0.0 0.5
-0.2 0.1 -0.2
0.1 0.1  -0.4 
-0.3 -0.2 0.1
0.0 0.2 -0.3
0.5 -0.1 0.2 
0.0 -0.1 0.1
-0.1 -0.1 -0.1 
-0.5 -0.3 0.2
0.4 0.2 -0.2
0.4 -0.2  0.0 
-0.2 0.0 -0.1
0.1 0.1 0.4
0.0 0.0 0.1 
0.0 0.1 0.0
0.2 -0.1 0.3 
0.0 -0.2 -0.1
0.0 0.0 -0.1
-0.1 -0.2  0.1 
-0.2 -0.2 -0.4
-0.2 0.0 0.2
-0.4 0.2 -0.1 
0.6 -0.2 -0.2
-0.3 -0.3 0.2 
0.1 0.1 0.1
0.3 -0.4 0.1
-0.7 0.1  -0.4 
0.1 0.2 -0.1
-0.1 0.0 0.1
0.1 0.4 -0.2 
-0.3 -0.2 0.4
0.0 0.2 -0.1 
0.1 0.1 0.1
0.1 -0.4 0.2
0.1 0.3  -0.2 
-0.1 -0.2 0.2
0.0 -0.1 -0.2
0.0 0.0 0.0 
0.1 0.0 -0.2
-0.3 0.2 0.0 
0.1 0.0 0.1
-0.2 0.1 0.1
0.2 -0.3  0.0 
0.2 -0.1 0.2
-0.1 0.2 0.1
-0.1 -0.2 0.3 
-0.2 0.2 0.1
0.2 -0.2 0.1 
0.0 -0.3 0.3
-0.1 -0.3 -0.3
0.1 -0.3  0.2 
-0.2 -0.1 0.2
0.2 0.1 0.2
-0.4 -0.2 -0.2 
-0.1 0.2 0.0
0.0 -0.5 0.0 
-0.4 0.2 -0.1
0.1 0.2 0.1
0.4 -0.2  -0.1 
0.1 0.0 0.1
0.0 0.0 0.3
-0.3 -0.2 0.0 
0.0 0.1 -0.1
0.1 -0.1 -0.1 
0.0 0.0 0.0
0.2 2320.1 -1638.2
-150.9 -0.1  25.6 
51.2 -51.2 25.5
-51.2 76.7 -25.6
-0.1 -25.7 25.5 
0.0 -0.1 0.0
0.1 0.1 0.5
0.1 0.1 -0.6
0.1 -0.1 0.1
-0.1 0.0 -0.2
0.2 0.1 0.1
-0.1 -0.1 0.0
0.0 0.4 -0.1
-0.2 0.1 0.3
-0.2 0.0 -0.2
0.0 -0.1 0.1
-0.1 -0.3 0.3
-0.2 0.1 -0.1
0.3 0.1 0.1
0.0 0.0 0.0
0.2 0.1 0.0
0.0 0.1 -0.2
-0.4 -0.1 -0.4
0.4 -0.4 0.2
-0.1 0.0 -0.3
0.0 -0.1 0.1
-0.1 -0.3 -0.2
0.0 0.1 0.1
-0.1 0.0 0.1
0.1 0.2 0.1
0.2 0.2 -0.3
0.3 -0.4 0.0
0.0 0.5 -0.2
-0.1